168 111131 1133333111

31,16. 83,30.34,6.66,10.“13, 13181318. 96,11. 1118111111
111 15. 99, 11. 102, 28 -1111113111111 72,2. -81118381111Π86, 16. cogi·
13313138.6310111411 13161113 (831) 111 86161 -atum 3.
31811116,.76113,.832,.26Π112,7, Ι7,18
21, 11.30,3. 104, 7. 108,6 003168311134μὶ Π21, 22. HI 102,
clam’031111033. -181111119216, 17.106,12,-11111Ι20,12.11160
103,13. -3 138, 3 3. -ebsic 111 43, 8. erec 187‚10.
claro 1113316 111101,3. 103,7. 13. -uic 141,10.
classiarios 111 100, 8 1117, 10. 33, 3. 111 1313. 3014.
clessicum acc. 11183,3 41,2. 38, 3. -8131 1118, 27. 21,9.
classis 71. 133, 4. 111101, 6. 9. 111 -8111 1133,3. -13381 1140,10Ι 1Π
26,13.17, -1 11, 167, 3. ΠΙ 6, 8. 37,13. -0831186,2. III 28,8.
26, 6. 40,1. -em 134,13. 36, 3. -scendi 9. 1113‚3. ·dum 113331.
113341. 43, 8. 11134. 3, 3. 18, 11 7, 3. 11133, 7. -03333131111
3. 101, 10. 17. 37. 31333111 138. -gnitum 03111130,14. 83,
3‚1.10. 4, 3. 3, 33. 7, 3. 33, 13. 1. 101, 30. sunt cognitae 133,8
43,10. 1114,13. 15,1. 17, 6. 26, 311 cognitum 1130, 6. cognitum
11. 40, 7. 17. 100,1. 101,1. 33 aec. 71. 16,.4 ΠΙ 10011. -.οα1)1
111,14. -88 11. 1Π42,9. -111111111 1117.112,6.13,1.16,10.30,18.
3313 -ibus 1. 111 33, 7. -eis 31133, 33' 11131, 13. 33', 15.
acc. 183, 31. -os ccc. 11173, 13 66,6,80,14.81,6.1(12,14. -31
-1333301.1118,13.14,3 3, ’1 17, ’1. 38, 3. 3. 41, 4. 43, 3.
Claudium (Aulum) 111 30, 5. 11. 610- 62, 1. 73, 6. 117, 9. 22,10. ΠΙ 9,
dius 13. 13, 1. 30, 4. -o 331. 11. 1 33, 3.
claudo claudebant Ι 79, 2. -31111 40,12. 60, 8. 66, 4. 111 14, 6. 66,
13, 3. -serunc11181,3. 333361 10. 73,11. -13 3613 17, 1. 13,8.
34, 13. -sos 11133, 3. -sis 311. f. 31,1. 34,1. 1117,1. 1333. 30,
111 11, 14 13. 43,1. 11118, 1. 38, 11. 40,1.
clauos clauis 307 166, 6. 1110, 10 46,1.61,10.62,1.101,62. 106,
3183183181Π120, 7 1.1ο4,113118,11.11[1616’
Cleo ρ.811889 Π1103,10. -8111 ΙΙΙ 3091130311,131 12. 46, 6. 11180, 10.
107, 9. -3111108, 8 -‚untI465. 1112818. -8118111117,.4
3118313 clientibus 361, 111 60, 12 4111. -8181 11178, 1014. coegit
clientelas 11 18, 62 1118, 6. 18. ·crunt 113, 3. 1113,
clodius (1.)111'37,13.-ium11137, 33 3414. 4313 33, 38, -erac 1
3. 11. Claudius 16, 26. 1113,3.3 4,3.0 1066.
Clodius (Pulcher, P.) Clodio 331.-1s'33111147,3.10 coguntur 53,
11131,13 3 3,3 43, 14. 3133183, 13'
clupeo acc. 11 33, 3. -eis 30111 -3133’3133,i3.-1134,.4-ei1033
33,0 111 62, 3. -ebatur 143, 33. -6-311
coactis 311. 111 44, 24 cur 11137,8. 49,16. 68, 9. ·retur
coagmenta 33310618 Ill 67,14. 112,24. -,.3831311666
coemptis 361. m. 1116019 11113711. coccus 140,17. 86,
cocccccuntl75,9 8. ·3361..,.3318261Π’76,8. -i
3383111117,.1628,.,,,73791Π9 33..,.311217 8311636 -831
14,,.,1110124.,220,,13618 34,6. -13001Η13111311,6.)11
46,’7.78,18.97,9108,3.112, 16,1..9292631138,12
271 -331136111,11.83,3.111,3313131631.3131113414-131
12927 2216 Π1389468 Π161,2. 81316671116317
9316 97610616 -13111111 -8176,6.,.1Π639 -.8333116,4.
31,16.-313331Π146,6.83116 1816. 24,10Ι 39, 3. 43, 10. 46,
3613 ptum17,13 12121.,603.,1,791832.3,1141,
80813811167,11,-811(111111 1133111 14, 111 63, 14, 68, 6. 93, 24, 99,
67,14 10. -ium'1,.',.',.18434373611
cogitationem 11117, 17 20,6. ΙΙΙ 78,16. 89, 14. 93, 17.
ωξ11333311318166Π6911--3-1611311.,Π666.83333,1112,.6
81Π34,.21 -53111131,13.111 3.1,..6101335.,176,18,.11312.

 

