INDEX VERBORVM 169

25,...,.,..356421211182719, -,.00001816 -0101Π166,.17 0·
141 44, 5 11114,19.39,19.59,319001011139,14
62, 6. 44, 1. 6619. 67, 4. 7. 6819. commendationis 174, 90
871 10 881, 10. 89, 5. 7. 19. 010 acc commendo 0000001001 174,17.
141, 5. 46, 4. 74, 7. 13 18. 73,7. -abant 1141, 95. -01111 11198, 7
80, 41. 1119 10.1348.Π18813 010111 m 11157
-15100 abl. 141, 9. 14. 12, 94111 commilitones 0001117114
15, 9. 18. 18, 5 19. 24,4 256 0001101000147,858,14,116,11
3115. 45,94146,.5 55,4. 6319. οο1001111001151,15. 119610. -010
6914 7519 Π1913 399 171,,,,1,.1.,.7838113848386
11111919. 348. 36111. 591 4. 1112516. 40,12. 64,11. -010111
56, 5. 64, 4. 65, 9. 88, 7. 9416. 34,4.1 0101 commissuri 174,6,
95, 6. 111, 5 commisit lI 39,10 -1011100111001
coho’rtetione's 000. 1149,1 Ill 74, 8. -um 000 00. ΠΙ 95, 5.
00501101011143,9.11189,3-00101 0111101101οτ 182,14. 111-100001 oco.
H33,.4 ·00(110051..1001Π94,8, 001149,.19 -10051..,001139.
eretur 111901 0-100 00111195 16, 7. 401, 90 116, 1. 11175, 24
3. 010011718.45,9.115,410010100001111000189014. -0000,
1Π46 19 8918 9719 18,9
0010100511196,14. 00011105001179, 0000010500 0010100801969,14. -di-
8.001010501111Π50,4.0001000- orem 0014010.οᾒ 11185, 7.
1011111146, 14. coioe4etur1116,9 00. ΙΠ97, 8. 1100, 8. -dius 00101. Ι
00010010 0151.00.ΙΠ99,4,-0000. 95,94,-1(110011001101Π855
f. IlI 98, 9. -0 000. 111158,11. 0000100101οε 000οη, 128,18. 1121,
-10 051. m.I82, 10. Π137, 96 11. 1000014919
0011- u. conl- commoti 0000. Π13,1
college 00. 114, 6 communica115114,17.·ere11118,9
collegium 000199 8 00000010001010011111149,19. 54,110.
00918001114,11.01001111656.79,17.Π1494.43,411011Π1
collecti 00. m. 111 110, 7 61, 23. -10100101 1481, 4
00110000110101431 44,44. 549. 70, 0010000109,Ῑῖ 19415. -105100,
12. ΠΙ45,7. 014110 4911 111109,.9 00.1318,1.4 114,1.9
65,14. 7119 ΠΙ9,6 185,1. -00 00. -010 000. m 11179110. -1500 051.
ΙΠ1,433,1.100οΠ149,.3Π144,.7 01,,1413
45, 3. ·ibus 051. 111146, 91. 84, 8 commut4tio 121, 4. 59, 6. 60, 9.
00100100 colonis 051. 11187, 19 III 79,15. -001001 Π1197,.1-00
colonicae 011. 1119, 10 0001116811
colonus colonorum 11,14 19. -10 051. commoto 0001100101 Π88, 6. ΠΙ 36,
Ι34,6. 56, 8 99.-011185,98.-011(11101Π73
001010511οθ n. H10,6 2. 01011335 1116512. -01051
00Ιο0001100. 1Π39,4 00, ΠΙ 97, 4
combustae (sunt) III 101, 99 0000010101ΙΠ 109, 3. 0001011Πὸ,
comes comitem 111 80,8 2.78 9. conp 11001100 ΙΠ3, 11.
comitatu 051. ΠΙ 61, 9. 96, 14 comparatos 11111,4 95 -10 0511 f.
comitiali abl. 01, 15116 111, 13. 18, 98 99, 11
0000110100. 18,.7. -1000, l9, 21. 00010011101011157, 191
000.1111,1. -110051.19,101111 compelluntlb8, 49. pulcrim ΙΙ 39,
9,1. 89, 18 44. 1100001 147,10. pelh Ill 41
9011000010 05100. 111100 1-pulsum 0001114115. 000-
commeatusp. 11149,191 -um Ill 10101 00. m. 19,17. 001010 01010 051.
15, 8. 41, 11. 495143, 8. 47,11. m. 111001 10000010111051. f. 1
100511143μ511139,451.1Π718,.9 46,6

111,15. -.00011418,13.000100000010001Π37,6,000οΠ18,

36,18 511. 54,19. ΙΠ 4017. 15. portum 000 00. 16,4

<811,9.>1-1500051. 11149, 81 complet 156, 8. 1191, 11. -0011 111
commemorotl7,2 22, 7. 89,..419 95, 93. conpleuit 111 39, 9. 00-
’ 85, 5. ΙΙ 39, 4. -00111 111190, 810111 11111. 001110100011001 ΙΠ

 

