INDEX VERBORVM. 217

17. est pulsus 11194,.9 981888 111631. -fecto 11 1126,4.111
1132,.7ppulsun..8f.11187,.21 166.97,16 -,881706.64,7.
88811179139417-88Π8818811136. -isa979‘125,
Ρ81881881 888.ΙΠ103,7. -18111.98118’18811111,4,1181111818
1111881 6818811918117, 8.-6818118181
9811881733. 87,3. Π70,74 ΠΙ 107, 78. -ferebantur 1137, 4.
981 16, 7. 9, 2. 8. 9, 74. 10, 4. 16, ferretur 11179 -ferrentur 133.
71 29,2. 77,.8 2318 2417 78, 18118 81111. 1,634
4. 3316. 37, -.77 3137133311. perficio 11. perfecie
<41,10.>46,77.60,17.61,7.981“11(118811.Π16,.3 8111416
821 64 9 67 9 66, 6. 74,13. 98161111 3818111 ΙΙ3, 16
,77,13117318381779 II perfugeeri 11171, 13. 11. pl. 1128,
2,5.12.,.529,.,...25136711 12. -8,81116313. 1881111188,
15,419,9..’,.',.,14281430531 1,3,37Π143,6
17. 37, 15. 77. 47. 36, 70. ’83119811831181117171811111138.
1111,9..,.,5917164..1619,.5 -3,81881111618. -31888Π18,14.
w‚9ffl53545mn fflfflffie'mnw
14. 7319183111. 41, 16. 47, 70. Pergami 111 106, 13 -um 888. ΠΙ
43174313.46,11.61,16.66, 31,13
19 631776 64,.966,769,8. 981318181811.11.1861
14. 7316. 76,.4 78, 11. 18. 79,4. periclitari 11110, 8. 818181 1 77,6
11. 87, 71. 84, 18. 67, 9. 90, 4’5. 9811881888 888. 1Π8, 10
100,.7 101,14 103910617981188188111.116,6. -19.16,.3
108,11111813.103,16.1116 13, 6. Π13,.6 17,16. 63,10. -ο
98183118118Ὴ1111803 1116410111107 77 -881888
9889898188188611117136 1710177191170679
porcello perculsos 11147, 4 11 7, 3. 36, 8. 111 17,17. 71,19.
percipere 113377. -818111 1118316 73317. 77, 3. 64, 6. 73, 76. -o
981818618818111179,13,-111118881Π1 8111. 1 49, 6. 66, 10. 76, 9. 79, 8.
43, 17 ΙΙ3, 34. 16, 16. 70, 9. 41, 76. ΙΠ
981881111116,7 - 17, 4. 43, 8. 6616. 87, 22. 83, 13.
perditin. 111. 1137, 70 86,17.110,14. 8181811137.
perdoluerunt 1116, 4 -8888, 174, 73
perducerent 11181. 11117,5. ·du- peridoneus 1124,5
1818111166, 14. 11-11818881119, perito 8111. 111. 11187, 19. -111, 111 1
1. eret 98118818 111966 p-er 4377111933 881137. 86,
1188188111104,11. 8111436. 77 1-8 abl. 111. 166, 9. -18111181
88111. 11179‚ 9. -es ΠΙ 4414 861.111.Π16111.-18818118811.111.
<peregrine 861. 11 144, 6> 11173, 9
pereo periit III 22,7. 1888 11 37, 16 perlectis 861161 19,1
pereqnituns 111. 148, 9 permanere Ι 71, 14. -81181 141, 17.
9818111388 11. f. 11187,.6 -uum 1111.-11188881881160,1.·181170,6
1114818 9811118118 9818888881811179,6
perfecie perficit 164,17 113, 7. permiscentur 16, 74. -811 137, 16
-1118111 10,19. 8181637. 83, permittebat I 60, 7. -181881181 111
11 -11818811191Π6016, -facien 16,16. 8111111111 1333. -81811 ,
(1191116310. -1ecerunt ΠΙ 48, 9, 77
71 -88181Π16317 61811433, permonere 1119, 5. -motus 14, 15.
47,6.,604.64,3.-11818111119.11. 13,6.,77,.4361οΠ76,.6111
17310. -68818811181111 1117,1 71,10. 74,16. 76,11. -111111, I
-618188118 acc. 111, 10. 881981·- 78,7 11137 14,11. 331 111
fectum141,19.peifectnmest11 8314131. 81, 1. -os ΠΙ 476
311. 11177,6.81819816881811 9811118111 11. 111. 11143, 7
9, 24. perfectum 8181 ΙΠ 81,11. perniciem 19,16
6378. erent 98168818 ΠΙ 1,16, perniciosis 861. f. 17, 14
-68818 861111. 1637. 60,9. -68818 pernicitatem 111 84, 13

 

