INDEX VERBORVM. 189

81, 12. 78, 2. 3. 34, 2. 11 18, 8. 1,1. 1187. 111888, 87,17. 888.
88, 88. 1113,1. 42, 13. 14. -um 811. 1 18, 8. 33,11. 3314. 87, 1.
acc. 113,14. 3413. 43, 11. 78,8. 11 2312. 81, 8. 111 21, 3. 34, 3.
87, 2. 111888. 87,8.11. 11118, 30,14. 71, 3. Gaium Π 18, 8. 0.
ememmewem mmm
117, 8. 88,8. 81, 7. 88,11. 1118, Gabinianis aei. 1111, 18. 110,4
23. 111 88, 8. 18,17. 17, 8. 88, 17. Gabinius (A.) 1111, 17. 188, 18
’ 78, 8. 81111818, 111181. 88816818.1118,18. 81181811
-8111111 IH 43, 21. <31,9.> -8 1188. 18,7. 23. -ie H 20, 2. 21,12. -ibue
11188, 8. -ii 881. 11117, 11 1188, 8. 10. 11 -
11118 11133,14 Gaditani 11. pl. H 21, 16. -ie 11. Π
frustra 123, 23. 33,10. 1818. 111 18, 4. 21, 4. -os 11888
88,18. 88, 11. 77,7. 87,88. 88, 14 galeis 8. 11188, 2. 33, 22
Fufius (18181181 (Q.) IH 8, 3. Fufius 811111. 151,14, -orum H 40, 2.
11188,18,1181181111188,7. iiu- -118.11188,18.-811111,18.17
seium Calenum 131, 14. Fufio (181118111915. -1889.Ι18,16.
1181111888. 103,3 88,7.1118,8. 11. 18811188.
fuga 1,. 1143,11. -88 9. 1188. 88, 18, 3. 8811. 33, 12. 30,10. 111
81181, 8. 11188, 8. 18. 81,11. 87,8.-18188,7.18,18.81,8.11
88,17. 102,10. 7. 11113,r. -am 1, 3. 111 18, 10. 88, 7. 78, 21. 87,
18818. 118818. 31,10. 32, 43. 11. -181 1 88, 18
11187, 23. -8 120,12. 81, 3. 32, Gallica 0. 81811. -arum iii 23,3.
13. Π 8, 8. 2313. 88, 23. 81, 20. ,11118111 111881
88, 1. 12. 8818. 18818. 71, 7. Gallograecia 111 4, 21
33, 21. 03,1.10. 23,13. 87,17. Galloni (e.) 9. 111811. -io 8. 11
188, 2. 20. 24 20, 8. -iumii13, 3. 88, 7. 11
fugit 130, 22. HI 23, 4. 3313. -ere Gallum, Tuticanum 1Π71,3
188,8.Π88,18.81181818, gemellamffl4,3

ΙΠ69, 16. 71,15. 79,13. -iene 71. generatim 1121‚1, ΠΙ 322

'ri-1⁶9212· 19919Πὲ m·11⁶1¹⁷· gene ΠΙ 80, 3. gentium HI 4, 23.
-8181.111.Π42,6. -1um m. 1133, 34„5‘ 47'19

111118141111111811161 eme r· 1⁴31· 181- 1122ss. 111
2³²· 14⁵³· ΠΙ 184- faerber 181111,1811818818

111, 2. ·191)91111Ῑὸ9,8. -θΐθ1 I H’12, 11, 15, 7, [1163'19⁸ 84,14,
111. 1.⁰ -us 1188. H 9, 22. -313123,4.44,
fugitiuis d· 111187. 110, 10 3. 11 13, 3. 111 17, 3. 1818. 30,1.

fflginiue (2.) 146, 12 88,17. 118, 2. -eribus 811. 181,
urum Postumum Π162, 14 10, 1133, 4

1ωο abl· mm Genusum 11881Π 75,16. 76, 2
W fungis ⁰²} 111239, 1 Gergouiam 11178 88
1
fussdiatffi „‚nl⁴g3‚5,'11193‚22, ,um (1818181118. ΙΠ52, 3. -03 18818.
111412. 04,10. -81 ace. 111 11, Ι114, 1⁷
21. 43, 3. 8818. -ibus aer. 187, Germaniam Ι 7, 22· 111 97, 4
13. ΠΙ 45, 9 9878 gerere 133,13. -8111 m. 111103,
ferde fusi 1881. H 22, 3. 11. 811- 9. 8188119199. 8118881118.
88111 fundi -18111 H 3311. IH 79, 21. 110, 21
funibus 1151, H 9,18. ΠΙ 40,3 geruntur 156,1. H 1,1. HI 112,
181818 abl. H11,7 30. -ri 13113. -endee 9. 1233.
fuemus 11. 111111 71, 1. 1133, 8. 1811111888.
-8111 IH 44,10. gererentur 113,
14. HI 57,1. sunt gestae H 17,2.
G 13, 24. geete eunt 148, 2. 8181
’ gesta HI 79,16. erent gestaeI
08181 e. 11118, 22. 43, 3. 111, 1. 24, 2. 11118, 2. gestam 1188, 8.
18, 88,1.18.1118,8.7811. 9. 1 -um 8188111887. -arum 1181,

 

