INDEX VERBORVM. 219

6Μ66τ66τωη 6Μω666666

66616 6616266666
6186181156 -66.s.f.11132‚.10 616 77676710 70460
-0661.6.,.1118019 &6661 16.89,1.11.84,.,4,44861861
7422Π41261Π6910-1010 6716 6850922941196
66,163,,1-161616.61137,9 102,,9 103,1, 11 104,,3 -ei
14,-18αο1.[.1125,6 9.,l99.1643,4.8.,8144.,93.
666Η66666464, 6Μ13612623610
661666366’3Μ,6,3.6,6>66Μ6
6666ηωμωω. 6Ἣ66616666
666Μ.66166 6166666666
-asque 111 99, 7. plerumque 186, 66, 3. 67, 3, 10, 70, 9, 78, 5. 79,
6666666666 6666666663,
66666666 166166666666
plures 66. 1120,6, 3611. f. I 93,11. 14. 19. 96‚.l 07,7 102, 6,
70,2, 06. 6. Ι 69, 8, 78, 10 11 103,17, 106,12, -6011, 11,12.
66,36366 4666 om914afflw286166
66666666,16.6,66,Μ666ω
11140,4. 111, 7, 6. 1Π24,4, 79, 7 3 10 8,.'716. 10, 2, 6,.6 17,1,
memimm46m61 6,66666’6666
-0811144,,7 45,.3 -8000, 17, 21 2. 32,23, 35,10. 39,11. 53, 6.
plmmwssbo.6ffiinssm 6,2666666666
866ῃ4-66Η6,6 36666366661
663 66466666663
66166666-66 666ωω66666
21, 0 10, 14. 69,16, 79, 10, 60, 11. 63,
mmmmm [66646666
pollicetur 11,6. 3,12, 13,15, 17,104,10 106, 2, 108, 16. 111, 9.
10. 87, 2, 11 42,10, 43, 4, -061111 -010 abl. 13,2. 4, 8. 8, 6. 16, 12
115, 6. 60, 36. Π112, 11. -erei 23,15, 24,16, 26,15. 30,10, 32,
111,4 -eril11,8. '16.18111 10434,2.’,.',.',438160121131
866 01121111· 111205 286 17,4.35,12.Ι11335 66 6 61,
-0101111110,6,1Π22,11. --eren 7, 70,11. 82,18, 92,11,Ρο111-
tur 111 34, 6 erant polliciti II peialoge 1111,12
21, 8 Pompeius (On filius) III418. 40,1
pollicitationem 167,11, -ibus 661. Pomponianam ΙΠ101, 10
166, 6. 1110, 4. 1037 Pomponius (11,) Η1101, 6 6
Pomp6iana 6. 8. f. 11169, 6. 9410. pondo 111817
-i9.m.I46,.6<1116316>-um 063666111006861Π1033
6666 111561-06616111ponitl18‚18.oo,14.11264111
906, -i6.pl.,IH4414.4.6,6 13,.1.,63099 -i1ntlob,6’.,.813
66666ω36661-6Π66666666
ommmmm6mm wmmnmmmm,
6666666666 6666663666
memmfflfimzzwmmwwmm
2. 11136, 6. 66, 6. -os lII 4616. rentur 11110814, erat positum
66, 6. 67,14, -18051,6,115,16. 161,18, 70,1, erati posita ΠΙ
ΙΠ 42, 0, 63, 3. 93, 3, 26, 107, 2, 40 4 positum 6. 6. 146, 9. acc.
0666111661 64111‚.613-.a60186,6 -is
Pompeiusl6,6.'..,.,81141161. 661s12896111319 373
0,1,614,,719,,1124,1,,,2616011814611, 41,9 49,,5 62,8.
9l,.4.4.,49869963994.33,3. 63,6.p0ntiI41,.4 01111165.
34,8,1132,6,1Π1,13,,,3123, 54,1,,,161220 -,,0116740,
·6,'.,.',..'.611713181918',9..11 <8'>..1366.,.,.,436669696.
2910 301691110 413 60,10.1,.125 -006,,,1542600,
124,.42117,,,,,,43744120’45,140,2.50,2-018000,148,,5
3716 5120 52254155 -i664661.l40,3

 

