INDEX VERBORVM.

2212622222
memmffiemmm
mmmmmmmmmg
mmmmmmmfflm
1211222221222
6222222222,2
2Ἣ222622222
iiwmsmsummm
2,62,1.Μ,22,2,Μ2
22222222221
ewsemnemmsm
2226ῌ122222
2Ν2262 2221
6.2Ὴ22122222
omm,4wmm1mm.

166

11,3.16. ·eret I 7, 13. -61621 Ι
44, 2. capturum 2. 11, 9. -osI
76,.6 112011. 662111111001
mmmmwmmwm's.
-12111121,19.-221144,12. ΠΙ
16, 10. -1122211Π 28, 2. 13, 8.
oapi 161, 14. -122112211 666. 21111
41, 8. ·ie’ndum 666 2. 11177, 10.
-a 2. 2. 1114419. -eretnr 11146,
11. 2221 captae 168, 20. eaptus
2. e. 2, 11 3229. -2 2. 21. Π 7,
10. -221 m. 134, 3. -212 1112,6.
111102,.19 -2116,6 6.261.2ΙΠ
6120621 -12.2..Π39,16-22
2.11,117,6. -,6211138114. 69,7

-12113,16.,98,1.610,.114,8029116116661.,1621
20421114 22 84,4. 8612 0292616612 ΙΠ414
111136 23,1.3 28,12. 4211 eapreolisatl.11'10,.714
Ι,1.18,.214,2.416,4.18. 622112222111612, -612121139,

16,91.,4313. 61,1.11 61,6.9. 19,
16. 11. 88, 3. 93, 1. 112, 33
Caesar (L.) 124. Π 23,8
Caesarem (Sex.) 1126, 22
6222911 itibus 261. ΙΙΙ 96, 2

1. 021138181.1111112. ·12
abl. 1139, 3111814

0291222114, 11. 11121 11. -ami

911) i 14,10.12. 21112119.

6261121122 148, 231. 70, 17. 19. 666216291116113232. Π183,14.
78,.3 -.262 1343 -612112170, 102, 22, 110,9. -1211119, 261. -a
13. 76,6. 1266111611 11664

0212312111221 2. pi. 1610, 1

211192. 666111323

02121112212 pl 130,9

calamitatem ΙΙΙ 20, 9. 2 103 19. 6211222 2. 164,

ww

Carmonenses 2 111912

0212112211. 121122)1Π8,3. 14,1. 62192211636. 73,13
66,.8 -19, 11114,.1 ι11112181,114. 6141112201, Ι61,.3 614,1

111664. -.6261ΠΙ26,2
02116122(11.,.)Ι21 (1-19.112,1114

carus 62112221Π 691,10. -122121221

2.,11328

62162221 161, 21. -62 666. 162, 11 022162221666. 1112116
Caluinum (Cn Domitium) ΠΙ 341,11 Cassianam ΙΙΙ 101, 26
Caluisius (Sabinus, C.) 111 36, 1. 0222122 (Longinus, C.) ΙΠ6,.1 101,

-221111 34, 8. 66, 2
Caly done 111’ 36, 2
Camerino 661. 111617
Cam 3221269. 114, 17

1222222

Cassius (Longinus, L.) 111366 36,

16. 211113613 -162, 1113626
-1212Π134,6, 36,1.22. 66,16

campestrisq. 2 1166, 12. -1622 261. 0222122 (Longioris, C) 1 2, 20. ium

Ι19,2

Π21, 14. -16 261. Ii 199

eampse 111377 -um 114013. -12 6221211122. 114,14. 1Π16613

abl. 165, 3
6222116222 Π10, 16
0224221222.11179,8. -22111119,
4. -4 ΙΠ 11, 7
Caninius (Rebilus, C.) Canini9. 1
26 20 1.221126,12 Π24,3
6626 6221 III 82, 6
0221261122. 198, 11
Canuleium (L.) 11114211
Canusium 266. 124, 2

-um 266. ΠΙ 36 12. 43, 6. 6311
16. 61, 20. -02161 11813. 1Π43,
4 61, 21. 63 7 -61221 Π147, 1.
126’,’.111627·.,26661Π422
4413. 62,2. 68,.4 66,.1 -126161,
118,19. 34,13. ΙΙΙ[1316.,]42
14. 44, 9. 13'. 61, 2. 88,.14 99,10

62211321 1.13,3 -22111Π 603 --2

19929191 11126, 8 -210 6611. m. 111

capit 14611. ΠΙ 43, 1. ·iunt 162, Castor 1114, 20
13. 80, 4. ΙΠ 30, 6. -iat 1212. 622112 2. 148,1. 14, 16. 82, 12. Π

-mlmsmanmem

222222262

 

