208 INDEX VERBORVM.

aco. 1 32, 2. 1120,10. 11111, 1. 11166,6. 16. 13131. m. 1126, 6.

-111 11311613. 1611. 13,1 ,111111111113
muniamuniu11016121. 60,6. -116112, mutuati 1116. 316611

2. 16,13. 11 31, 8. 111113. 46,6. 13111663 mutuam ΠΙ 01,6. -11 139,

12. (0611.) 31133111 1113111131 13. ]Π 3921

81, 18. H 30, 2. 1Π11,3. 111111113- Μ911161111 ΙΙΙ 102,16

bat ΙΠ 88,16. circummuniret III

00, 6. muniuerunt 147,11. 11111- Ν,

1116111111 ΠΙ 0, 8. -irei 141,14. III

6614. -111 Ι 41, 20. III 3611. nam I 68, 3. 0013. 06, 4. 1161.
circum <11111>11111161 muni· 14. 16, 2. 11,1. 13, 8. 31,11. 111
endum acc. 1. 111 20, 2. -2 6661 10, 11. 16, 3. 36, 1. 36, 4. 11, 6.
42,4. munita 661 H 914. munita 51, 16. 692. 61, 6. 6919. 61,11.
11. ⁸·f· Π 1, 0. 26, 0. -111111111, 93, 3. 96, 4. 8. 101, 31

ΙΠ9,1. -1 1113. 11313, circum 111613113111.1113113361.
munitos 164,11. munitis abl. 11. 99, 9

]Π 80,16, ·1611m211.f.120,8. nancisceretur 11106,0. 1133111119,
666. 21. 11131,6 2. 61, 6. 61, 3. 16, 10. 12. 1111,

munitio 11. 1166, 14 61ιὶ31893. 12· 1113, ²· ⁸1 3· 26, 6· 30, 14·
111 66, 10. 26. 61, 3, -em 121,12. 54, 4· 81, ⁹· 0031010- 101, ⁷·
93, g, 111 66, 19, 44, 66, 3, 6, 69, 1161161111Π218,6. III 6,11. 101,20.
11. -6142,10. 113111. 111131. 1084· 14101141311· 5119·
46, 6. 33, 6. 0. 28. 60, 1. 33, 13. 63,6,111,13.6,3,11,11.1111,
9914, ,eg 4,, 111 66, 49, 61419 10. 20,12. 16311. 28,10. 38,12

79, 6, qm ΠῙ64, 9, ‚ibus ,6, ΠῙ Narbonem ΙΙ 21, 20. -e 1.37’²

19, 4, ,ΘΒ 000, 199, 4, 61, g, 99, nasceretur 11120,0. 11311 1131. ΠΙ
11. 111 44, 4. 12. 16. 46,10. 46, ⁶12} ,

21, 50,3¹ 61, 6, 63, 9, 64, 6, 66, 11111613113111. 111,1. -116011‘,
3.3.31,11.63,11.33,11. 126. 1116 ,

11113, 63111361. 11 16, 8. 311. 1111111111 (0.)116,1. -19.114,12.

111 11, 1. 31,1. 61,11. 63, 3. 11, -ἱρ 6. 114, 18· .-ium 114,16
6. 11, 10, 163, 8911 13116131 666. 11143,11

mum, munel-131 57, 3¹ ,us a„ 1 natura 3. I 79, 3. 1131114. ΠΙ 43,

33, 3. 111613. 111111 60,16. 4· 01, 14. -ae 6. 114,10. -am 1

’8111311 2⁹¹ ¹⁰> ’ΘΜ abl' 16111161.13163131ῗᾶ81113661

00121001111030: ¹11 ..1111121 1161413121- 11 111

1111·,111661133366 ..116111616‚20. 1130·

111. 11, 16. 13,1. 13, 3. [16,10. ,141118αῇ 16111 4· ⁴⁸· 00· 111112,

8, 4. 10,10. 11, 2. 6. 11. 13, 4. „1 19
1412. 16, 16. 10. 16, 6. 11. 131. ,,,,,,,6,,, 600. 111 2⁷,ss

25, 1- ,ΙΙῙΙ1ἕ,,30· ’2267111112βᾶ nauiculam 11116111. -1 1133
-0mm ,·-11 · 15116· nauigationis 11166,10. -61126,4
66 121, 3.,13, 3. 3113. 111611. nauigium ,,, 1122 15, -ia 000, 1
111 31,1. -11 abl. 111, 8. ΙΙ 16,11. 201⁷. 60, 3. ,fi's am, 11122‚4
16, 8· 111106,12 11131196 1131116311ᾱὶ 11126,16. -um

musculus II 10, 14. 11, 0. -19, H 6061114669, 14419, ,4461938
10, 4. 8. 10. 11, 4. -um II 10, 2. ,9, [111966

1¹13· ⁶· 14, ¹4· '⁰ abl· 1110,12. nauis n. 11120,1. 9. 11616. ·6m

3, 6. 1, 2. 22, 10. 111

11, 8. -οε 1118610 1κ3,3.> 6,10.16. 2616. 11116, ·

mutabo Π 31, 9 -6116 1122,4 19, 3110. 49, 2¹ 4, 19, 9616, ‚0
1311311111111Π11,6. -3116111Π 13616. H 3116. -61601111
20, 0. -11111 1 60, 2. 1111111633 100,12. -es 6. 111, 2. 111. 60,
111393. mutato 600. 6. 11613. 13. 11 313. 22. 1,1. 11, 13. 13,

 

