INDEX VERBORVM.

Ι84,6.-111111101.11.1111,14.
1111010914. -111111132,17.

11187, 9, -1111111 130,10. -11111

139110. 11294 -111111111061
-11111142,2. -11111119, Π12,2.

1111111111 111 49, 4. -11111111111

31,11. 1111 1111111111 11 38,11.
auditus 1119, 11. 11157, 17. 11-
dito 111. m. 11112,2
1111111111ΙΠ79,15.-111111ΙΠ59,
131 111111615. -,1111Π159161

163

-11ο11.1,.,8021112055,.1279,
21119-111111.11,.1485,241
1119,10.16.36,23.72,.61814.
105,6.-0101.112216 11136,
20. -.111 138,10. 112612. 111
80, 21. 112,13. acc. 129,11. 39,
5,61, 15. 1117, 11. 23, 5. 111,13
20.17‚7. 23,11.112,15.111101
129,31 60,11. 79,14. 113,10
5,19. 22,71 41,.19 Π110,126 11,
18. 16,19, 95, 8.106,10.111,15

11111194 21,21. 1111111413. Α1111111151111.113, 14

m5,nwl5mm

III 1111111131. -um 11111210.

102,.8 (10110111. Ι62,.3 auersi 31,4-1111511131
11.11.11122.1111111179,8.Π 1111111151.119,10

41,13.11132, 27
aufero 1111111164,19
119111Π31, 13. Ι1111111113119.

5

111119214 ·,.1)11Π1646 11· Bagradam Π24,3. 26,1. 38,10.

xit 111 112, 23. 28.·111111135,13.

39,4

-rat 111 80, 6, sug 1111 Π 2913.Β1111111(011111111)11119,22
Π182, 9. -1111111185, 18. -111111 balistis abl. 112, 5

9111111011 g
'15155fffl57

75, 5. H19,.3 11. 11195,8

A(u1us5) 1114,17. 11111111111912 bellicosissimorum m. 11179, 9. -11

s(3m>m9m.mm mwi

1111 ΠΙ 8 5

auribus d. 11 27, 4

Ausetani 11. 91. 160,4

Auster 1Π 26, 8. 18. ·1rum 111 ΙΠ
1111111

mfflffiaawwstfflzmssw.
4555555555
wssmfflwffimoea
6m5555555555
Qanmmmflm
Qmmn559595,s
15.13.21.22. 32,13. 38, 34,23. 35,
swnumummm
20013, 4,.25 8,15. 17, 4. 13. 20,10.
13. 37,14513 38,1401“3. 41,10.
11, 4424131. 25. 47, 5013. 49,11
513.5114.31,6611.14611.74111
55'53555558
55m55595

1111111 I 27, 11. 14. 44, 10. 45, 14.

43747348314311411

9,18.,1017.13,2524,331,9

51111111 1111111111.
bello bellandi9

bellum 11. 153, 3. II 29, 3. ΠΙ 109

f.H25,2
.11,.1612 1,11501

5.iffl9m555535
7 7615.116,,712,1,18,2..531
23,10. 30,5. 32, 21. 36. 47. 33,2.
1111,111.2,7.16141’1,617,
31,10. 41,12, 4426 471 50,
1. 6,5 13 72, 2. 11. 73, 2. 178101
81,11. 85,.5 112, 34. mod 111
83,10.-1111 111. 125, 10. 30, 20,
21. 38, 14. 48,20 61,9..16 64,.7
Π2,2118,241.2823,10.37,10,
16. 1111,7. 42, 7. 47, 17. 5'1,7.
86,12. 102, 3. 103, 9. 112,26. ·0
wunsffiufflmQu
5‚5555ffl5st55m
555555555
fflffiQsmmmmis
acc. 1111,9. 79, 21. 110, 21. ·is
961139,3.33311ΙΙ1,119,4

32,20.1119,6.10,6.11,15.17.03111113,4.71,1,Π38,.811113,16
45,14, 47, 71 13 49,7, 55,5 57, 611111111111611731.1113312
131 62, 21. 63, 21. 78, 6. 86, 131 0111611119. 19, 8. 111. H29, 9.

119111111111192,10. -19, 111877
auxiliares 11. 178, 3. -11111 1111.
1111111111 11. 170, 3, -li 9. 112510.

32,50. -10001.132,11.40,24.
74,5. 1132, 121. 1111111121.
1,1111111-1
rum 134, 9. 1111113614. -11
1111131μὼώω

11*

 

