234 INDEX VERBORVM.

3331311133811383. 3114. -um 333. scalas 133, 3. 11130, 13. -13 3th
11313. -0 33113311. 1131, 13, 3. 11113, 3. 33, 10
38. 31 scapha I 101, 38. -33 n. 11134, 11.
Sacrafiuirum (Μ) ΠΙ 71,4 -88 11433. HI 24, 2. 62, 5. ·11
Sumam 1114, 15 abl. 11313. 11133,3. 40,Ῑο

13ξῇ13113311311-,11..ἐ,01..,,..,,,.,,,,,,

11311. 11333 1133, ¹3

111 ..‚ 3113 13 1..

111 ⁶⁰24· -is 031. 1115· 1114,13 scio 11133, 3. scire 113111. -3033

1131111115 ⁷³· 1,1· 1 51· ²· ²⁰· 13· 5· 111331. 31, 14. 331331111311
111 11, 11· 101111 133, ⁶· 111 61· Scipio 1 1,11. 111 31,1. 33, 3. 4.

113381111811913811 3: 1,1, 13131131 1,,81, 3:

11, 11· 111, ⁶· 111 13, 1· 41, 9 1,1. 111 33, 13. 13. 31. 33. 33. 33,
111811131111111110 3. 11. 13, 1. 31, 1. 31, 3. -1 13,
1111111111 11113111 1111 1111 111111 11131131 1131 2313' 11111111111111
Salonas 1111, 1,1 -11 111 111 1,1 3’3, ’13, 30, ’11’. 31111113. 11, 13

3111311138 13, 13. 313. 33,3
Saltu (181137, 7, 38, 4. ΠΙ l9‚8100pulos ΠΙ 27,7
salubemmw 1111- 111 1, 11 seribere 11111,13. -ipsi3 111 33, 13.
33113 1110 111Ι ΠΙ 18, 10 33, 13. 31131 script-3 111 103, 0.
3311133 saluum am, m. Π 33, 39. 501in αα, n, 1133
3111111314· 131113 1188 33333313, (3030) 111 3, 3. -0131
331113 11114, 13. -031313,10. 30,3. 25 13
34, 13. 1111, 3. -em 131, 13. 11 ..aalma ,11 1331

3113. 43, 3. ΠΙ 33,11. 36, 27. 33, scutulis abl, HI 40, 13

15· 59, 15· 10, 11· 9117· 98, 4· 3311333 33313 301.ΙΙ33,3. 11133,13

111,13. ’θ Ῑ 5, 5· 22, 5· 11· 14, 3333311317,19. 3113111Ιῖ0, 3. -3

31. 113,13. 41,33. ΠΙ 18,10. 17¹15

16, 3, Ι seclusit ΠΙ 33, 14. 3131 seclusum
3313131113ιῖ 11131,0 1113313. ιθο]1133111135,8
1111111111 19, 23 3331313 Ι 19, 3, ΠΙ 60, 3
1311311018 n· 114,4 seeundum 11133, 3. 33, 11
1111811111 11100, 1 33033331033 secunda 3131. Ι 41, 13.
3333 sanandas 133, 3. -313111111Π 1130, 3. -um m. 111 11,13. 101,

³0‚⁹ 30. 3331. 11313. 3113. 11131,
sarcina sarcinarum 111 33, 11. -is 13. 103, 8. -33711.13.Π14,6.

3111133 1111313. 311113, 11111, 1.
1313133313 333. Ι61, 31 -33 33. f. 1133, 3. -3 33. 30. 11113,
saffiro 143, 3. 111313. -1311033 q. 14. -is 1111. 11133, 6. -3 333. I

343 3, 31

’ sardiniam 1 33,1. 1. 31, 1. -13130, sed 13, 3. 3,13. 13, 3. 31,11. 14.

13. 11110,11 11, 13. 33,
Sasonis 003. 111311 11,13. 13,
11313131,3.1ο.1111,1. 10, 9. 17. 13. 31,1.

11, 1. 31, 3. 13, 13. 33, 1. 11, 3. 0. 30, 3. 3,1

84, 3. 3. 33,3 1,10. 83, 8. 8
331131333131Π60,13 311111.1ο.3,1.11.1,1.3,3.
saturnini 9. 1 1, 11 11,11. 13. 11,3. 11,1. 10. 33, 13.
sauciorum m.11133,1. 1311111131 33, 33. 34, 3. 13. 33, 14. 33, 1. 3.
Saxa (L. Decidius) I 33, 10 33,11. 41, 4. 9. 11. 11,14. 133.
,31111333331131111,1. 1311111.1,3.3,3.3,1.11,3.

3111313 13, 3. 13,13. 13,13. 13,13. 13, 3.
Scaeuae 9. 11133,13 19,19. 30, 3. 33, 10. 30,3. 10. 33,

31, 13. 33,
11,1. 30, 31, 3.
1. 33,33 3. 30,
1. 33,33 331,
333333

3. 33,1.
3.
31,
3

3.
3.
8,
8,

 

