236 INDEX VERBORVM.

sexenni 551. m. 11155, 17 -1 abl. f. 1Π76, 6. 110,14. -1551
mmmm· masma
Sextum Caesarem Π 20, 22 similitudinem 111 48,3
Sextus Quintilius Varus 123, 4. Π simul 14, 9. 15. 30, 9. 39,12, 59,1.
51 Π5555515155
5Μ5555ᾙΜ55 515555555
1555555555 wwsaesumssssffl
17. 26,..1619 32,.1051’5 36,9. 17. 74,.6 79,.10 80,,20 85,8,
43‚4.44‚.,’.3481868,.,’.66810 8614 89915 917929.
71,12.79,,.3479,,382,1.483,111,7
12184,.3414,83,7.Π516181111115515111555.Π1105,8,10-5
6,.98,3...61012,.,8920,.10 550,,Π512
24,11. 28,13. 30,.9 31,6,14.32,1111111155151111111 H35, 20 -519, 15.
33149,,343.[36,1.,]415,,ΙΠ116. Π40,8,11128,16
17. 8,16. 10,19. 24, 15,18, 17, 9. simulatque 118, 6
555555555155555555
mmumsmuffiuauffmfflfflnfflu
551555555511η155
ηωω5555555Μ55555555
555555555 5Μῌ555155
555555Μ515ηωω55555
55555 5555551555
5η55155555,5555555555
55555555555555555ΗΜ1
5,ΗΜ5555Μ15,55555555
68.0,.,2689399,.,511216 7,7,,,,.,.38861255’59323974
615111559130171139 -151111 58,3
25, 4 30, 5. 6..8 31, 2. Π30,11. 1111911511 5515. ΠΙ47, 15. 59,3.
321.,19937 94,.3344‚8.111101‚91‚..3.‚1048nIII80,22
2.-15130,13.Π23,2.17.34,115311151511115.121,14.-11551
13.,Π11011,,4210 42,...4dnlll32,.8 08I17,10.
81551119.16,,158312-1111143, 5231113220 51158,1,514
86121 633 514οἩ2 -151111 Π132 20 8912 ·.3505142,3.
162,9 ΠΙ32,3, -11551,15.144,10, ΠΙ
1155511185,17 1,15, f. 111,12
1151151Π115,.28 1111115155,ᾑΠ14,17.-..51151Π
signiferos 111741 88, 16. 89, 7, -11111 assumus,
1111165555Π25,15.-515Ι55,2.241-55117.15,Π156,14.55,151
Π165,7 ·5Π15,,,15Π19410, 5511111
15951555 significare 186, 6 5115115 ΙΙ34,5, 1Π67, 13. 69, 10,15. 83,
128 4 5151132, 26 3 892. 93,11. 5111517510
signum 555. 166, 4. ΙΙ40,.9 41, 3. sinu abl. Π32, 43
ΠΙ 46,12, 89, 16. 90, 10. 93, 13 11155 551151111111155
-5551,127,16. 28,8, 81,.4 ΙΠ 11511115 Π166,4
24,11. 67,1, 76,14. 85,11. 91,,3 51110127, 4..5 81, 71715. ΙΙ 27, 3,4,
93,1. 515,1410,.211’11,16.1Π 331011ΠΙ2513 731819
21,16.53,.671,7.92,15.99,12,11151104,2.4
-5111111Π1105, 12 5555. 118,,6 15515555111107,8. 5-5111Π103,.2
24,8. 43,14. 60,.8 64,.4 71, 91 -stum 111 103, 5. 5551 acc. IlI
121 74,11. 79,10,,8216. 1120, 3,8
14. 39, 6 42, 4. IH13, 6. 69, 201 socius 16, 10. i-um 555,1Π80,8.
22. -11551, 11,.’,Ι441171111ΠΙ -15111178,2
93,19, 95,10 151151119. 1839 Π151, 18. 80, 24
11151515 abl. 127, 13. 66, 3. H35, solaciod. 122, 18
24 ΠΙ 19, 11 50,.3 51,6.75,2 1515115185 15 5-5,11516712 515115
siluam 1115151 III 71, 15. 515 15115111 ΠΙ 71, 10
similos n.1111s‚i.-smf.142‚2 151151515Π8, 10 15,17

 

