INDEX 1626011111. 155

111 11, 11, -1 11. m. 111 11, 16. 62,16. 1111. 111. -ret 1111.
-ue et. 11, 11 11 1, 6. -11t (pets.) 16, 20. 1111,
0110461161122, 11 · 11, 1. 111. 114,12. 44,1. 11111,
abhorruisse 166,11 1. 11, 12. 44, 2. 64, 11. 66, 6. 16,
abici Π 84, 26. -111111 abl. 11. ΙΙΙ 16. 11111. -derit HI 1117.
66,6 ·11166166,16. -6616t16,16.
1011111111 111. 11112,6 111. 11111. 11161,6. 102, 24.
abstraxit Π 1111. -actum m. 111 -ant 11 11, 16. 111111. 1111111
111 1111. 11111. 1111. 60,10.
1111116111Ι18,1.ΙΙ13,6.14,9. 11116,26. -6111 11116,6
-aint 126, 22. -1111 Π 37, 7. 66, accipit Ι16,16. -te ΙΙΙ 86, 6. -pe-
7. -aena 111. 166, 21. -ntis 11119, ret 111 77, 6. accepit 11 17,14.
10. 111. 61,12. 1111111. -em 111 11, 1. -perit 11 42,12. -ret
m. 1 16, 2. -em.126,12. -erut 1 1126,6. -rent 1111. 41,20. -pie-
61, 11. 11, 10. ΠΙ 11, 21. 66, 4. eent 11112,10. -piebentur 1126,
61, 3. -1111148, 16. 16,14. 61,11. 14. 11111 aeeeptum ΙΙΙ 16,16.
11111,11.11,11.111.11,1.11111 acceptum 11.11.11116,21. -am
1166,1. 12. -ieeetm66,1 11161,16. -um 11111. 146,6.
abundabat Ι19,1. ΠΙ 4129. -arcnt -1 Ι 66, 6. ·0 abl. 11. 166, 6. 67,
162, 6. 11141,10 16. 11, 2. 11 11, 1. 11126,11. 106,
abuti 11100, 7 16. -11 ΙΠ 11,6. Ι101118. -as Ι 14,
616611116111..0116: 6161111, 11111 1111·
111, 111. 11 11, 2. 66, 4. 66, 10. 111 aeri 11111. 11112, 6. -iter 1
111 6, 0. 11, 6. 62,14. (1) 121, 6. 11, 6. 60,14. -iue 11146,14. 61,
11 4, 6. 111 111. 16, 12. 11,1. 1. 66,16. 66, 1. eeerrimc 162, 6.
. nammawoemffl 11
1110,11. 61, 4. 111 11, 2. 62, 6. 111111111111111. 6,11. 1111111
1111. 14, 2. 111, 1111. 1111. acerbitatem 11111
(m) lI 26, 9. 66, 10. ΠΙ 46,16. Achaiae . 1116,1. -am 111 66, 6.
1111. 11111. (111111. 111. 6. -1 4,1.66,1.61,1.106,6
Π 20, 25. 1111. ΙΙΙ 26, 6. 61,11. Achaicae d. ΙΠ 6, 8
1111. 11, 14. 162, 21. (p) 14, 4. Achillas 111111,1. -ee 0· 111 111,
111111111 amfflmamama
64, 6. 111. 14,21. 11111. 11,6. 16. 112, 26. 61. -1 111 111, 16.
16,11. 21, 16. 26, 10. 1111. 111.- 111 1
111 6, 2. 26, 6. 42,16. 46,16. 66, 11111111, 11. 66, 10. 11 11, 1224.
6. 61, 11. 60, 12. 111. 22. 111. 41, 21. 66,4. 1. 11, 4. 11162, 6.
102, 26. (11111111111. 11, 10. -ei 111111, 11. 11, 11.
1114, 26. 06, 6. 24. 106,14. (11 -em 140,16. 66, 6. 64, 22. 66, 2.
24, 11. 40, 26. 46, 4. 111. 62, 6. 10, 10. 62, 4. 6. 66, 6. 1126, 10.
64, 20. 1111. 111. 1111. 111 - 111. 41, 3. 6. 16. 11161, 6. 111.
1,17. 16, 14. 23, 8. 36, 7. 6016. 84, 6. 6. 111. 13. 6112. 6. 9. 92,
1111. 12,1.14. 16,16. 66,6. 4. 1111. 24, 1. -e 101141, 6.
(1111, 1. 11, 1. 46,11. 46,10. 16. 46,1. 46,1. 111. 66,61.
64, 22. 66,10. 116,26. 11, 11. 11111. 41, 14. 16. 20. 11111, 6.
11111. 111. 11, 11. 11161,10. 61, 10. 66, 10. 66,16. 111111.
61,12. (11111, 6. 111 11, 11 1111. 11111. 66,6. 61,10.
Acarnania 11. ΙΠ 66, 10. -a Π166,1 -11 11. pl. 162,16. ΠΙ 86, 4. acc.
111111111,11.111111,11.-11- 146,6.1164,1.11162,1
bant 11162,16. 110, 7. -111111 Π Acilius (Μ’.) ΙΙΙ 39, 4. -io abl. ΠΙ
34, 26. cessurum I 10, 8. 111111 1111. 16, 4. 40, 4
1111111. 11111111111111 11111111116,7
6116. -rant 148, 11. ‘62, 10. 11 actuarias ΠΙ 62, 6. -11 acc.121,11.
11,6. ait accessum 11166,0 1111111. 164,4.111102,16
accelerat 1111, 19 Acutius Rufus ΙΙΙ 83, 6
11111111319. 1111118114, ΠΙ ad praep. Ι 1, 3. 10. 2, 4. 10616. 3,

 

