INDEX VERBORVM.

55555

<erumpunt 1114‚8.> ·eren6 181,7.

555555Μ

eruptionis H 1519. III 62, 1. -i Π
ιωμωΠ555Π55
ΠΙ 58, 15. -55 55, Π 2, 13. acc. I
55555555οω.

55

555555555554
5555555555
55555555555
55555555555
555555ω555
555555555
ι55555555*55

55555555ῌ5
5555555555.
28. 33, 5. 34, 5, 35,11, 1215. 38,
2. 3, 39, 2. 7. 8. 15. 40, 9. 10. 11.
12, 24. 41, 6. 7 bis. 9131516.
55555555555,
4.45,.....,.,58171820461647
4555,5..1148,.849,,25,,’.508
5110 5245531541213
55, 2. 559555. 58155531115
17555 59, 8555 60,1, 355548
ι555’555555π
5555555Π.555
66, 4. 13. 67, 1.10, 1215. 68,10.
555555555555
555555555555]
15555555555
81, 3 555. 5. 81, 11. 12. 16, 19. 20.
83,4. 843416 854555712
55515 26 28 29 35555 86,..14
5555. Π1,9555. 21013 4,.7

13

15555555555554
555555555555555
5ῌ5555η555
55555555555,
ω555555555
55555555555
ΜΜΜῌ55555
55ῌ5Μ5Μ55
555555554555
5ΜΜ555ΜῊ5
141444414144444444.¹
5555Ή5555
mmm.4wmmmu
5,Μη5555ω.5
Μωῡ 55ΜΜ5.5

2.11.13.1 46044641011.
18. 61,1..2
10,.61163,,1

1

8. 4. 14. 62, 4. 5. 8.
8. 18. 64, 6. 8. 9. 10.
65, 3 6 106 67,.511.12. 69,
545, 50555555
NM⁷M⁷4·WQM6
76,11. 77, 7. 8. 78, 6. 13. 15. 79,

1.<2.> 8. 17, 22. 25, 80, 10. 17.
21. 24. 26. 82, 6. 8. 14. 14. 83, 7.
84, 2. 85, 9,.16 86,10, 1415. 87,
mmmwwfflon
4 6555 841416648 93, 4966.
1015 94214161819 95,9
bis. 96, 35. 97,,9 98,.,59 9443.
100, 6. 101, 2 555. 8. 0555 14. 41.
26. 102, 3. 4. 13. 15. 43. 103, 2. 3.
104, 9. 11. 13. 14. 105, 414 106,
5. 6 545, 14. 107, 5. 755510, 108,
5555555ΠΜ
111,8.11.19.112,5.6.17.21.22.
30. [52]

,3,
7.

5555555545555555
<>4wsumm4wwmmu5w4mmu

mmwu444M4w
555555555
wfflwwuwwmwm
44ffl 44wnmw
55’555555’55555
5555555555
5555555555
555555555555
1ffl44.4444444

5Μ55555.5Ν555
5,55’5555555
5555555555
Π.555ῳ55ᾙ55
55555555555
5555555555
5555555555555
55555ᾙ55ω55
5555555555

5Μ5Μ555555555555555
am em’ffiwaewm4m 5Ὴ555555555
5η35555ωο55555ωη5
unm1w4wm14mm141mnwsm
5555555555.55Μ55555555
5,Μ5555ῌ555Π555555555
5555555555.5Μ5Μ5555
1w.ummmmmmm4mmmm134ssm4m
ιωωῌ5555555ῌ5ω555555
1m444444½444mm

 

