INDEX VERBORVM.

mmmffimaeffiawa
aess4m2mzamzwffi
6666666666
6666666966
16646666696
666664ω666
66666696Μ6
6664666666
1666666466
107, 9. 108, 2. 14. 109,13. 111,
4. 6. eiusmodi 179, 9. eius fil
mmwffimssoessflm
mAmawaffl74mffi
6666666666
102, 7. 105, 3. n. Π26,4. Π122,
9666666666Ι
ω669666666
4666696666.
646ῃ66466 m
wafflmmazfflmn
IQwssmImazffiffla
626696646966,
6666966666
666666666
166162666666
9 774846 Π23,.6 27,.3 38,
18. ΙΠ4,.27 6,.12 10, 201310.
17621691420 2812 29
12. 30, 13. 18. 34 4 36, 2. 24.
37, 2. 41,4. 44,.1146,.206123.
6669666666
6666666666.
66666666666
mmmmfflmwwstmu
emmffiffimmassm
66661666966
6666666666
666666666
6466696666
QmAmzfflmstfflaffi
6666466696
6666666696
696Π666664666
19, 6. 20, 10. 21. 23. 24. ΠΙ 11,3.
66626696666
ω666666666
6646666266
101‚31.102,21.112‚17. eo nn
1666666666646
6666666666
7013 71, 6. 7213 7911 816.
Π7,4.18,14.36,11.42,10.
44,8.ΙΠ9,.1610,3.11,.19
1842113 22,6. 30,.20 36,.6
41,1.161,7. 63,4. 63,1..6 66,6.
mnfflmwmz'mzh‚
6666466646,

lffl

wmmmssmmffll
24545w5manz
Q4QQOHme
1666666666
ωιωηηωιωηω
6666666666
1666666666
1666466666
mmmmzmmmmt
6166666666
6666616666
QstQLQOmwz
6. ei n. m. 186, 9. ΙΠ73, 24. i
wmlffinffffltmafla
mmmmfflmmmm
4.110,1.ean.n.19,2. eorum
mmafflfflaffiwam
666666666
24616666666
6866666666
96ΜΛῌ26666
6Μῌ966666
&mufflmffimmm
666666666
42, 20. 48, 6. 49, 6. 67, 8. 69,16.
6666616666
93, 20. 98,7. 102,22. 112, 29.
ωωω666666
7. 48,22. ΙΠ1,6. 3, 8. 16, 3. 34,
614, 38,14. 61,9. 89,14. eorum
n.112‚3. 6,2. isd.m.16,5.
me4Qn54flQ
afflQuwfflffiaQu
1666Μ676666.
is d.f. 152,9. 1121,15. eis df.
mmamnmmssn
zwamfflawssaeffl
46,19. 66, 8. 64, 9. 24. 791416.
6669ω166266
9666666666
6ω666664υ9ω6
6666666666
666666ω6ψ6
mmffiwmmmwm
IzwAfflLwssssmzaw
9,9. 19. 11, 6. 28,9. ΙΠ 7,8. 8, 9.
619666666666
66ω66ηωη66
6669666136166
69666616166
66ω6666ωω
736748 6607611311
36;.,’.2661Π2914ΙΠ9,21.
15, 20. 13, 16. 48,1. 69, 16. 60,
19.87,9.97,17.’112,9.916667.
m.175,20. ’1666761388 68,
20. 7612. H17,1. 18, 23. 8616.

 

