INDEX VERBORVM. 237

sollicitabat 111 22, 4. -6162 ΠΙ 22 6. Staberius (L.) ΠΙ 12, 28
-andos 111 61,16. -660 661. m. in 6666611616. 6612, 64,11. 66, 6.
164, 6 16. 1166, 6. 1111626. 6616. 16,
sollicitudinem 111 61, 10 9. 80, 26
sollicitus sollicitam 1112616 stationem Π 23,7. ΙΠ 6,11. -c 146,
6612612616 abz.1110,6 10. 60, 6. 16, 16. 1166, 6. ΙΠ94,
soluo 6611121261, 6166. 166, 16. -6211.156,11. ace. 166, 6.
-une 111 66, 4. -erune 111 161, 26. 66,6. 111612. -ibus 661. 1 21,11.
10221. -6112611Π20,18. -erentur 666
111 1, 4. solutis abl. 11. 11122 ὁ 22621612 abl. 11. 11160, 8. 361
66166 solum 666. 161, 14. 66,6. 111 statius 1161666 61661666111116,16
66, 6. 66, 11. 666. 1616. 6626 statuam 6116611
solutionibus abl. ΠΙ 20,4 statumina 16. 164, 5
somno abl. Π38, 16 statuo statuit 161,16. -616t III 1,
sonuerunt 111106, 16 18. 44, 5. 86, 2. -1181 6
sonus 11116612 stipendium 66. 166,6. -1 11111616.
sororem ΠΙ 161,11. -6 Π1103,8 -16111 acc. 12616. 111661216.
26126130, 8. ·6s 6616, 16 161. -106661116616
spatium n. 16, 2. Π16, 11. -ii 13, stipites acc. 127, 10
14. 61,16. 1116,11. 11166, 1. -1 610 66616 141,11. seaeant 112616.
111, 8. -inm acc. 161,16. 1116, 22621226 Π 13, 11. -ersnt 161,11.
1. 63, 9. 64, 6. 63, 4. 66, 2. -ie -issentl47,3
661. 1 64,16. 466. 46,6. 666. 116621626621. -ias 1161666
66, 4. 66, 10. 87, 13. Π 16,· 2. 30, strinxerunt ΙΙΙ 86, 8. 22116212 abl. f.
6. 41,2. 111611. 461616. 46, 1Π66,1
11. 46, 2. 66, 16. 66,6. 66, 6. 66, 16666616 1166
24. 61, 2. 66, 6. 16611. -112 abl. struit 111 61, 4. -antur 111612.
121,10. ΠΙ61,12. *-121Π10,6 6111166121. Π9,36. 2216626143,
speciem 1166, 23. 41,4. 11166,6 8. -61110,13. *62166262122216-
speccans 12211. 111 466. 1612. 66, 1626111661 ’
6. -2612262Π1106, 10 stude at 14, 16. 11166, 6. 66, 11.

speculatores 61. 11161, 1. ibus 661. 161. -626112 161,16, -66112 Ι 32, -

Π166, 1 26. -uisscnt 1121,3
specus acc. ΠΙ 43, 12 2261116111 66. ΙΙ 41, 8. ΠΙ 61, 14. 74, 3.
speramus 1166, 6. -6218, 16. -uns -i9. 164 22. -16111 6661611.
116111. 146, 6. 11161. 11. 261. 11162. 1116616, 61, 16. -16 661.
661. 41,16. 11. 664. f. 111116, 16614. 46,6.16. 64,11. 11162.
26. 6661112611. 62, 6. -arent 62, 2. 66,6. 111 64,6. 166. 6622.
1116, 6. 66, 6. -6116111166,16. 60, 4. 6. 92, 16. 1611116616.
-assent 1116, 2. -suisscnt II 16, acc. Π31,13. ΠΙ 21,3
16 2611161 1Π 66, 11
spes 61. 14, 6. 11146, 2. 62, 6. spei stuppa 111101,6
6116, 611116, 16. 6.1166,16. sub c. 6666166, 6. 41, 20. 46, 6.
spem 1261. 66, 1. 162. 1616. 46, 6. 11 1616. c. 661. 1 21, 6.
66, 6. 1126, 12. 61, 16. 66, 22. 41, 6. 6. 16. 21. 16, 6. 16. 61, 12.
4611. 41,6. 466. 1111616. 46, 66, 6. 61 2. 61, 4. 11 6, 4. 11, 6.
6. 46, 21. 60, 6, 61616, 4. 4, 4. 16141111616
(1614.) 20, t. 22,18. 6612. Π subduci 11166,16. subductus 1166,
666666666,66ω6ω66
23. 11161,16. 63, 6. 66, 16. 966 666266 subire I 81,16. 11 41,18. -iret
Spinther (P. Lentulus) I 16, 9. 22, ΠΙ 66, 4. -iturum m. 1111611
1. 23, 4. [141] 11166, 1 subiceret ΙΠ 663. 84, 9. 66,6. -iecit
spiritus 9. 121 ΠΙ 66, 6. -icitur 166, 6. est sub-
spolistis 666.f.11146,16 iectu 11166, 6. subiectus 11166,
spolium spolia 66. 11 66, 16 11. -is 6611. 111626. 1114616,
sponte 16616. 666. 66,6. 11266. 6221116 16616
11111, 16. 66, 4. 161, 26 subito 14616. 66, 12. 66, 6. 1116

 

