200

ω616666.66η.
Ι27,13. Π10,6. 1611616121,
amman

Imm1119,8

Isthmummaea

1681999 20,2. 26,722. 40,,13

4610 6412 6767610 73

INDEX VERBOBVM.

1679,..,.42086896,14.979.
112,6. 661683 -ι161161,8

-94961Ή271166Μ76771Π
79,.14 -1666661.Ι16,20.24,10.
28,.,.8378Π13,3.11111,3. 13,
83013 77,8. 79,16. 86, 610.

12.116,.63,2.33.10,13.14,416169111111Π110,3
20.16,3.28,16.31,18,342.1111)96.Π26,,,.1140144,.6 -ae

33184213111141116,3..8
22,.12 27,6. 36,426 40,14. 44,

9.mmum -mnae,2. .

-Msswssmss

16. 43,14. 6119 63,1, 60,.7 16119618,4.,,,.162218 23,3.17”.

66,.1217. 707. 71,3. 66, 19.
6166

Italia 6. 111 16, 6. 11661166.
6666Μ66666ω
78, 11. -18111 13, 6, 26,11. 23,11,
666666ῌ6Μ66
ammmwmmmw,
166w„6M6676.6
666666666,6
6666661146ω.
666666466
6666

Ι661κ6 am Π 20,18, Italicis abl.
11671119 16,1.4 11, 3. 20,12. 26,12.

6,6.61666,666
6Η6666666Π6

6,,.,.,.,.,.64741261421131

3422 3617 3063716 433
1111616614 32173623

6,6’64666666
661666666,6

ω6

6ωη61ω6666,6

166961666161

26. 28,14. 31, 4. 42,14. 66,13.

100, 7. 104, 14. 106, 6. 16

166164 Ι69,4. 73, 3. 87, 16. Π36,
10. III9,9. 1373010 8616.

itineris 124, 16. 66, 12 66,12.
8013 H69,6.HI109,.4 1063.
1661666. 114,.8 23, 17 3911.
61,1.,863,1.1.164,.23 66,7.
674.368,.,64.,8638703.,.803

6ώ1.66666,6.666
66666’666476

16. 77, 3, 80, 12. 82, 6. Π1,13. ¹

anfflwmuuwav
194..9,.,411169389,6 -enbl
61, 18. 81, 21. -ebat 111 83, 2.
-9191 ΙΠ11, 16. 23, 11. 63, 21.
71,13 84,14.-616116Ι79,10.
166461611416. 41,4.16. 87,12.
Π44,7. Π124,.634,12. 36,12.
4216 46134,.636.13. 66,14.
76,9. 766. 80,17. 34,2. 977.
38,3.6.10.102610721,03
816 -616116 111104, 7. -erit Π

20, 21. 819,46ΠΙ24 89 6 106,
4-1666619,11.1Π13,9.16661
616116 Ι 78, 3

iucundum 661861

iudicibus abl. 1111, 14

iudicii Ι 13, 2. 36, 8 -ium acc. Π
81,96.11119,.610 60411416
47, 3. 74,.26 Π11,.13 10, 27. 60,
81661Π114-161611114,94
16666Π18 20 -16667, Ι4,10

iudico 1661666 126, 24 6414. -bnt
H8916·ansm.1117819·-an
dum 666. ΠΙ83,9. -abatIH99,.7
-auit 11186, 6. -auerunt Π32, 6.

-666166 ΠΙ 10,4. -auisset 111 12, 7 “

iugera acc. 117,11

iugumn. Π24,6. acc. 146 9 -is
abl. 170, 16. ΙΠ 37, 6

1611671412

Iulius Caesar 1111, 2

Π24,.2 26, 13 38, 13 3919. 111 1661666616111166,3. 64, 18. Π1,11,

11,7.,4,.13630333,..836,.318.

161118ομ6 -6666, 18121

224,4,3867647,818.2.073,.4 ΙΠ44,1243,.6-1611011667
318106216111916141612 69,.784,..91H11,661,9
61611241126,.3281111111666112620 8611111821.
4310 69,.76,.37 66,9. 68,2. 166661666161. 164,.7 616120
69, 16. 70,16. 17. 7916. Π20,2 1611161666.16.1Π102,7

1820 24,.310.32,44.332011186176,7,1111310 -an1176‚
419Π11161314 212130 31111312 -9116176,.6 -819
619. 36, 24. 41, 2. 9. 14. 16. 19. 1ss 87, 17. 8111119, 111 102, 8.
67,.7 69,8. 76, 6. 1216. 76,1,.6 -66161Π 87,14. 16. -66166661Π

 

