INDEX VERBORVM. 196

7. 30, 1. 13. 14. 18. 80. 88. 31, 3. 113016011061111111Π8,10, 23,6. 40,
18. 3313. 1515. 18. 84. 33, 4. 5. 15. 80. 101, 11. 111, 18. -unt Π
34, 511. 14. 40, 8. 41, 8. 13. 17. 18. 11, 5. 14, 15. 1311113313
48, 2. 5. 12. 43, 3. 7. 9. 44,..613 <111ῗο6116113,220
468 46,11.12,48,16. 64,11110711111612 Π11,.,,4Π1134
67,10. 61, 6. 13. 14. 62, 28 9 -,11111Ι2411. ·ercntHI69, 13’
64,18. 22. 66, 3. 9 13. 66, 7 8 incipitI27,6. 6414 6422 Π30,
67,1.<4,.>812.16. 70,1.7.10. 2.,.41413.ΙΠ19,.1933,8 -111111
141 20. 71, 4. 72, 12. 16. 74,.218. Ι20,8. 63, 12, 73,,8 80,9, -13-
76,13. 76,10.13. 77,6 78, 6. 111118Π39, 11. -1663111 11149,1.
79, 2. 8 121 81, 10. 14. 82, 1. 83, -6161ΙΠ11,4
2. '14. 85, 6. 9. 10. 32. 86, 10. 87, incitatio ΙΠ92, 12
3 Π11.2,1.6,3,2.6,8.13.1161101301181133-611114,3.66,.7
6,4.9,36618. 10,.66.13.14. 14, Π14,.12 -116Π41,.12 8.-661Π
4,16,6.,19 16, 7. 8. 17,1,212 4312 -33613111ΠΙ26Ἡ11 -61331
[18,6,] 18,2.4,2731. 32. 19,9. Π6,.17 3111119217 6-111814,
20, 7.14. 21,.2 23, 12,.18 26,1.9 11. ΠῙ78,6. -1,,1111111111Π1087
26,7. 28,.110. 29,..112 30,.6 1111114616 79,1.1 93,21,
32, 16. 33. 33, 9 341418 36,,1 ΙΗ24,10. 46,.16 -3611.11Π6,19
11618, 23, 36, 2. 37, 3. 38, 3. 41,1110111131101·31Ι62,7
6. 9. 17. 42, 2. 43,1, 16 44,10, 1337360 erat inclusum ΙΠ 67, 80.
1111, 13, 17. 206181 2,.10 4,6.,23 inclusam. n. ΙΠ66, 12
6,3.7,.68,..4614,9,.2010,311100 16111ΠΙ87,6. -111661.1.Π4,11
<12>16,26,11,7,13,6.16.16,1100666111134,12
1611133333813331,411333133133.13.Π111,10 ·3.mm
28, 3. 9 13. 30, 6. 31,81 32, 16. 118,12.Π32,39. flffl34, 12,
17. 22. 36,.46, 37203813 40, ·iabl. 11. 164, 21. Π26, 14. -68
583. 41,2.,3 4210 46,,114 1111,166,.9 Π32 19 42,,16
4114. 1588. 48, 4’. 43, 3. ’33, 1. 44, 3. 1118’8,88. 331. 13, 13. 33,
51, 15. 53, 4. 1. 13. 55, 11. 57, 1. 81. acc.m.183,11. 111111, 8.
5. 58, 1. 8. 7. 10. 31, 3. 8. 10. 13. 61333113. 1188. 113518. f.
33, 8. 64, u. 11. 67, 3, 8. 68, 13. 13, 13
11, 3. 7. 10, 11. 18. 1311, 75, 5. incolumitatem 111 88,8
76, 3. 7. 12. 79, 20. 21. 80, 8. 81, incommodum 11. 148, 1. ΠΙ 73, 81.
982161722, 83,7,8.1.2 84, 79,.6 -1186,.3 -,3111333 Π4,.1
10. 86,1,...681616. 86,,3 87, ΠΙ63,13,77,6, -,0661ΠΙ74,3.
781117 8826813 891 ·311.11162,6Π31,.18 606.ΙΠ
2,6..1490,24.91,1..292,6.8. 813.1o,5.-1555111110,1⁷
93, 85. 94, 6. 7, 16. 9,6 12161133613113631 incommodam Π23,6
97,1. 7 11. 98,1, 99,1.10. 100,11130118111111183611.Ι46,17
611.101,27.30,103,13.17.1811301661111Π126,8
104, 2. 6. 14, 106, 7. 11. 1314. incredibilcmf. ΙΠ 86, 5. -15611
16.[18.] 106,1.7.13.16. 1081 Π126,18
8. 14. 109, 7. 17, 110, 8. 14. 111, 1110111808 118. 12621 -,1111118214.
10.16.17.1.9112,1.6.11..1931-.11061141,13, 0-8 617110
336663311276.-31311,11.Π16,8 Π8,6
13366081127, 11 - inde 124, 2. 66, 13. 71, 13. 83, 10.
inanes 3111110, 15. 163331. 1135 8180'111,383’. 13,.31 43,
Π18,8 4. 46,19.10117 10217 11216
inauditum m. Π16,7 indicatis 367.11.ΙΠ112,66
inbecillitas Π 16, 11 indigebant 1135,13
incautius 333. 1113110 indignari m 108 3
1113360 incessit Π 29, 1. III 74,.2 indiligenticey.1'118,9
101 12, ·crat ΠΙ 46, 23 inducuntur H 10,16. erat inductus

incendium aee. 111101' 81 -io 311, 111113, 31
Ι6,9, -13333ΠΙ101,10, -118136118111311.ΠΙ36,26. -16Π4,.3
0611 126, 26 1Π73, 16

13*

 

