ι161

77, 3. 111 17,8. 6116111163.
-endum 666111Π 38,16. -erentur
1111611. ·mieso 16111. Ι 31, 16.
-ee 16616. 137, 3. -16 661111.
Π14,3, -1ο1661,11136,7

remouerant 148, 31. ·uentur 1111,
7. ·endum m. 111 31, 8

remulco abt. Π33, 18. 11140, 3

1661116 remos 168, 6

1611611616Π1103,3. -61666161Π193, 6

1611611616116111111 ΠΙ 63, 11

renuntiat 110, 3. 36,31. 66,11.
-16111 136, 7. -16111111Π167,1

166611111 76,8. -66611 79,4. -666111
Π 3,14. -erent I 79,11. reppule-
runt 1114, 33. repelluntur 143,
13. -endum 111.Π8,7. -66 Π9,
13.61111116611161Π161,.3-611161
11. m. 116, 7

1166116161. 68, 3. 63, 10 7311

repentinus Ι1118,7.-11111 11 11. I
ω116.6Π67ΜὮΗ
-Η6116661111136Γ6111Π8016
-.6661111.141,13.Π111,3.33,
6 8Π1113. 1410 -0161
76,.9 -ο6118,4. 11139, 10. -66
mm

reperiebat Π1 106, 1. -1666111116 ΙΠ
63, 3. 67, 19-ieben111150,6.
-16111116 11'1 36, 18. repperit 1 36, 4.
1Π3,41661111Π130833,6
reperiebatur 169, 9. Π30, 4. 111
30, 14.-6116111111 133, 3. 11161

repetenda acc. 1111611. -itie abl.-
amma

1666116111 1141, 6. -666116 essent 11
66

reportentur Π 43, 3

reprehendunt 138,14. -endendum
1611. ΠΙ 61, 6 -6161161111611611111
14,16. -61611611666138,14

repffiimere ΠΙ 9314. -616666111111

1661616116 abl. m 11 33, 46

166116616ηὲ6 161, Ι 33, 8. -611166 acc.
m

1661116666 14,3

requirebat 11 36, 3

166116 16,1.3 31. 6, 13. 7,13 9
31. 14,16. 36,10. 48, 6. 61, 16.
616166666,1.
66666666161
666666666
6666666666
11661ω66666
111, 6. 113,38. 161 6. 18, 6. 8. 3.
6666666666

INDEX VERBORVM.

6661616666
64Π663616666
66664661ω66
6663ω16666
6666666666
666ΜῌΜῌΉΜ
166661661636
66Η66666Μ6
61666666666
94,19.9831611113,13.3,14.
4,177,30.13,.319,11.36,33.
333033 33186413 633
ffimwmwwwwmss
13,11.1816313373867
6666661666
6666666666
86, 6. 87,6. 30,.7 103,6. 111,.18
661Μ.161Μ6,6
6Μ461666364
6.666666.66
63,166,.3 733. 73,.680,.10
6,66666Μ66
1,661666666
6,666666666
6666666666
6.666666666
6616666666
111, 17. 1661661.19,1.16,14.
66666666616
71616111 17, 18. 31,17. 49,1.4.
6Μ666666ῌ6
6.666661666
6666616666.
4ῌ6666ῌ6666
lb. 80,19. 100,13. 106,10. rebus
61666666166
666666616166
6166663666
66666366166
mmmuffiuume
Μ666666666
6Ηῃ666666
66666ω66666
6166666666
6661616666
6Πῌ666466166
661666666666
3330 3613616 374381
94,.3343,1.44,1. Π11,.313,
1161818,.331,7.36,1139,
333,.1417. 38,1.40,1.,.431
66’6666666’6
6664666666
6661666666
666666666
66ῌ161666ῌ.
666ῌΜ6

 

