INDEX VERBORVM. 225

11134,3.13,11.13,11.112,15. 11,16, pugnauerunt Π14,19.
-iis 011. 181, 33. 11146 -atur 1 80, 1. 13. -abatur 126, 6.
prouocati 0. m. 1 14, 8 46,11. 111111,8. -atum est 146,
1011111110 11. 11,11. 11,1. 111 11,1. 111,1.
proxima a. as. 11 1, 4. 101011 estpuguatum11187,15. 11216.
14,20. -um 0001111431. 44, 14. esset pugnatum 146, 1
111 65, 3. ra. 1123,12. -0 011. Ρ1118101181111011Π67,16
m. 111, 18. 81,11. -1111,11. 111111111111. -eris 11 11,1. -erem
11 11,1. -0 aot. 0. 111 10,11. 11111
-ae ras. 116, 22. -01161,18. Π 0011010011. 111111. 21,21
42, 3. -a 000. Ι 32, 2. 66, 12. 11 Pupius (111113, 12. -ium 1 13,14
30,6.1Π3,22.44,13. -11 01111. Burgatum 01.18,7
11,1.1111,0.11111,11. al areolis 11111,1
113111113121131 1111131111, 11 31,
ρ. 111 108, o. 11211. 1111111, 4. -abat 1 11,11. 111 11,10. -aret
18. 103, 10. 1011. 101, 11. 110, 111, 11. 11111 111111, suerunt
20. ·o 0111. 1Π101,1 11128, 16. -111111185,3
Ptolomaide ΠΙ 106, 13 Pyrenaeo 01101. Π113,8. -os 1314
puberes 000. Π 13, 3. 1110,10
publicanis d. ΙΠ 32, 22. 011. IlI Q
81,1 ·
publioauerat 1126,14 qua ada. 1 2113. 64,11. ΙΙ 1, 4.
publicus publica 11. af. 11,11. 7, 16, 4. 6. ΙΙΙ 23, 4. 63, 26
12. 3, 21, -ae 9. 18, 8. 3. 3, 11. 000109101011111132,18.111101,
18. 11,11. 1111011. 0. 11,111. 10. 111 1118811
8‚11.13. 11110,1s. 011112, 12. quadratas 1110 11
1,11. 11,11. 11,10. 11, 111811. 0010009011 0100 a. pt. m. 1111,
21, 111 00,7. -um 00011. Ι20,13. 10, aco. 111. Π166,16. 11119. abl.
11, 8. 11 18, 11. 11,1. 11,1. 1 1 m. 141,11. 11,11. 1111811
1,1. 1,10. ’1, 5. 13, 4. ΠΙ 21, 8. quadrini 'quadrina 000. 111, 10
13, 14. -0 0110. 123, 12. 1122, quadriremem ΠΙ24, 12. 1111 remes
20. -08 ΠΙ 10811. -0 aar. Π 18 11. Π1111,10, quadriremes 000.
11. -isao1f.1120,14.-isa.1i 1¹124‚⁸ ·
⁶,10. 21,10. -e 18111. 11 21,19 quaerit Π 39, 4. -unt 1111. 11 14,
Publius P. 11. 128, 4. Π23, 10. 111 2. -ere 1130, 6. -ebant 174,13.
1,1. 11,1. 101,1. ἵ 11 11,1. u. 0101111111, quaesiuit 11 11,1.
ulloque. aec. 11 10, 4. 80,8. 000011101161,2
011.Π36,6 quaestor 1231. 112316. 43,1.
pudenteis 000. 1131, 11 -rem 11 28, 3. 11162, 13
pudorem 101, 9. -e 11 3122. ΙΠ quaestui Π160,3
60,8 qualis 11. a. m. 11 32, 36
puer 1Π 103, 8. -119.1Π103,13. quam 01111. 1 21122. 13,1. 21, 2.
108,1. 111, eo. -ie aaz. 111 aro 11,1. 1111. 11, 18. 118. 41,11.
pugnae 9. 111,1. 8. a. 11,18. 11,1. 11,1. 11,1. 8. 11,1. 11. 81,11.
11801. 11,11. 1111111881. 11. 8111. 811. 1111. 0,11.
81,1.80,1.01,1. 111111. 11,1.11,9.1ο,1.21,11.30,1.
11, 1. 1111. 1, r. 30, 1. 111111, 31, 11. 11,11. 14. 11,11. 11, 11.
11. -is 0111111 1111,18. 1, 8. 18, 4. 11,11. 10,1.
1111900 pugnans m. 111 40,6. 303. 44, ibis. 8. 41,2,311’8. 46, 4.
-antes 0001111118. antibus 11, 4. 1111. 11,1. 11, 1011.
111. m. 111 81, 11. -andi 141, 8. 11,11. 11, 8. 1111. 80, 8. 81,11.
11,1. 18,11. 11,18. 111 11, 11. 01, 8. 81, 10. 101, 1. 101, 1. 101,
14,6. ad pugnandum Π 41, 8. 11. 103, 20. antequam 11111,4
pugnand0118,11. 0681110816. quando 11 6, 9. 111 82, 10
-arent 1413. Π28,11. ease pu· quantum 11. 11. II 11, 1. 111 28, 8.
gnaturos I 1212. pugnaturosIII 18,4. -1 9. 11. ΙΙΙ 1, 6. -um 000,

ommis B. 0. 16

 

