3w

pontificum 122, 8

0011601101 acc. 11129, 8

Ponto abl. 1Π3, 4. 4, 11

populus Ι7,13, 9,11 [111126]
-19.Ι1,16,9,8.62,.11ΙΠ1’,19.

21,102111,16.110,6. ·od.
mm.m1mamu6m.
fflm1m6wffl66m
Immmma66mm
pmmfln4ffizmffissffl,
ffffmum6fflmzw,5
96,11. -1011, 11 16,18. 3610.
666666η606
6606066666.
6666Μ166ω6

INDEX VERHORVM.

wssmammssffl6mst
0066666666
6666601106116
16,18. 18, 6. 22, 6. 60,7.11. 46,
0 44,8. 61,11, 61,0. 66,6.0.
ω,06160666
166666Μ1μ6
66Μω16666η4
60616060611
109,.1226,1.244,6.1112,.6
8,6.10,.1028. 1914 20,.8 2,6
14. 44, 11. 19, 18. 86, 11, 91,16,
112,14. 0060116 Π118,14, potuit
11,4.6,16.19,10.61,16. 86,2.
Π62, 38. ΙΙ1 18, 4. 42, 2. 61, 7.

0616661166
6616060606
ω16066

76,16. 76,17. 100,13, -uerunt 1
70, 20. 11 26,16. 33, 30. III 60,
1161616ομωωη
porticus 0. pl. ΙΙ 2, 6. ·ibus 061. H 39, 9. -111110 ΠΙ 61, 8. 6101011610
20,16 106, 9. -uisset 1141, 26 -111110116
110110001601111266-01160 000. Ι 16611. 1111011. 108,16
18,6 11,,.,’.,001Ι<66>201126214.1,18
0016110116,ΙΠ26,,,162129.Ῑ 60,.,.4114144,16ΙΠ66,6.,8
26,..121411169,.,,.191001-11 69,6.46,9.,.66166,..,.386119
(1. 11 1, 4. 111 d. III 100, 3. -um 80,23.82,1.101,29. 111101
160606160606ωῌ1666666
22, 14. 18. 1118 8,1.2 14, 6. 33 3 81, 6. 1169. 11,9.16. 1Π41,16.
24,9. 26,14. 696 40, 14. 30. 66, 11, 6119 6014 11,.9 81,3,
111,6.14,112,6.10.22. -11 abl. 86,18. 86,1, 104, 3
l36,3. 61,10,61,1. 11414. 33, p06661168613413, 6
19.92,43.11174146.26,,7ροε60111111000.10.1661311.13,2
100131022611100οΠ16,11. 112111 ΠΙ 8616 -0061, m.I
14,6.16,1,6.,.235246. -ibus 41,6,,.42166,.,,,.8161819
001166,16.Π116,.226,.,161616 83 10 Π1411 26,6. 219 66
mmm3fflffl,60ffluu οἬ616οΜ063Η.
1111006 13. 41, 8. 16. 77,1
00110101010111186,10. 11111226. 0006066111 Π23,17. 1Π41,1.68,12.
1111111116 -01000,ΠΙ2012. 60,16
-ibus 06111110 6011161616θο6106111136
possum 006016 116, 16. 72, 16 84, postridie 167,16. 1116, 9, 41, 6
16. 1162, 10. 11119, 26. 681. 113, postulat 136, 1.6 33, 20. 16,.4 -6111
10001111116136111122 14,13,14.Π116,20,-610111,1.
11.32,14.1101116Ι84,.3 possin6 86,17. Π16,12.40,10,01106ΠΙ
19, 6. 86, 38. 11 16, 13. 33, 45. 11, 3. 6101111120, 16. -1110116 61
110110 16,6. 13, 3. 17, 4. 26,22. 3216. 011161Π836, 60111061
64,10.16. 61, 3. 6. 14. 69, 8. 11, 62, 13.-6611111 011 181, 10. -616
61621810 8416 86111 000.,.,,196102-11(1,,,.111620
8,61.09,26.1,,02121.9,16, 061611116616
2. 713. 31,6, ΠΙ8,8. 17, 10 24, Ρο161111111111(1’11111111111)1Π6214
7. 26,11. 66, 31. 38,3. 41,11.11,1)ο6011611111114,9
67,6.80, 13 86414. 90,3, po· ,1611161161113101661110
1011661261. 48, 9 19. 49, 6 61, 0060316016, 11. 33,.3 26,11. 1166
12. 1098211 Π616662 1Ἣ111166861681011112οᾼ6
6116 ’1111626 44,4.47,13.10,3 41,8. 11228 62,16.60.1111,18.
612111,21).-01·0111148,14 10 2. 16, 16. 41, 6. 16, 11. -01
19,,1.ΙΙ692,,14112.211119,1,9,22,6.19.2611,41986,1
16.00110616,21.19,16. 26,Ιο 1121,2 Π1109,17. 111,16

 

