INDEX VERBORVM. 213

fllm45155ssz5
555555w555
13. ·ia 5. 5. 16, 1. 6, 23. 74, 28.
85, 5. 11 14, 5. 9. 32,4. 41,26.
5555555555
96, 9. -ium m.15,10.12,2.7.
5555555555
5,555555555
6,16106Π1166
5,555555555
6,166666661
61606166661
555m8m5555
19.112,15,.,.,.138919425,

116676161661
55

Octogesam 161,18. 68, 4. 70, 17

0010910110 CLXXX 1118,17

0009601 LXXX 1 30, 0. 11 1,14.
Ill 87, 26. 89, 6. CLXXX 1118,
17. III 99 13

0011001Π68,9. -10 061 167,12.
67, 10. 71, 2

odio abl. 1118, 8. -ia 000. 1181,9

06010 ΠΙ 49 8

offenditis Π 82, 33. -erunt ΠΙ 8, 6.
esset offensum 11172, 14

. offensionem 1Π60, 6. -0 ΙΙΙ 47, 6

offerrent III 78, 24. 0611101111 111
1,16. offerrentur Π 29,10. oblato
5mst555wmml
51

23. 1119, 11. 16, 15. 47, 10. 61, 9.
80, 19. 11. 17, 2. 303 ΙΠ234.
63,2. -161001.11.14,1[14,11.]
32,6. 38,11. 744. 86,.321121,

officinas 134,14
0111011111.Ι117,.6 -1118,6.11
32, 22. -iod 184,9. 1Π69 8
38941076 6111000180,
13. 86,.3 114312111183 103,
16. 10 abl. Ι 67, 12. 11110314.
-11 6134, 8. 000. 186,6. 11190,
2. 1111101006

01111111 130, 2.» -misit 11124, 17
mmm55555m5m
55555555555,
555555554555.
5555

0111110601. 140,10. II 34, 5. 111
666160616,1
1611860106604,
5ffl5mme50
55Mm55rfl55-i
(16111742. -011 m. I 15, 1.
4016421826 Π38,.9ΙΠ
2,’4..12 38441,11. 44262
6.96610’6,111.17,2’2.9,6.
21,12.3011389732112,
12. 14, 20. 17, 12. 18, 6. 22. 27.
41, 6. Π117, 16. 69,13. 73,.1
80,9. 81, 11. -eacc, 125, 8. 48,
17. Π 10, 18. 18, 26. 1114219.
01161614361161111161,
601606611616,
161οῌ1611ω1
55555555555
126, 4. 72, 15. 11 20, 20. 11149,
1083130106121281
7.,913.20. 20,12. 2716 483

111136 73,20. 9213 110,10.
f. ΙΠ 108, 6. 611121. 87, 4. -es
5555555555
1119,10. 27,8. 30,15. 38,14.
5,555m5555
8m55554555
1555fflffmmmst5
5555555555
-531245114355118510,
23. 13, 20. 14, 6. 40, 20. 62, 23.
79,11.101,10.111, 1811216.
-01110011168,1.1Π46,4.-11
000,16,.21916171819,6.
30, 21, 32, 16. 416. 46 20 67 6.
81, 20. 86, 24. 36. Π 14 21. 18 6.
ll. 31, 25. 32,14.1116,5. 8,12.
01410211..4633649,10.
61, 9. 67,7. 60,4. 61, 5.15 75,2.
-i5us 061. m. 120, 6. 48,4. 63, 8.
60,6. Π17,8. 30,2. 3518. 42,1.
&.595655555’5
m5555555555
5.5wmmm5555
5,555555555
6,611161Π1011
6,161616166
5²555555555
5555555555
555555555
4555m4555m1
6166606161
60,.,.,.,.61167221ΠΙ36 6,3.
92411,518.42,14.47,14.
6376813 694733

61, 7. 70, 20. 54. 76, 5. 81, 6. 0101111011 111 397 1111111143 11

115,.913,5. 22,6.262134,21.
3619. 36,6. 42,1.7 11113, 6. 28,
12 40,10. 44,24. 5,.13 74,.6
83, 15. 93, 20. 22. 96, 14. 110,1.9

-11011,1.1123,17.26,18.-1611
261. 36,.4 11123,.6 40,19. 100,
ffl5,5-55fim,9.ffl
15, 9. 100 9

 

