INDEX 1110600111.1 187

20,19. 6661666116 H114,.4 666 fauces 1161. Ι26,8. 16116111Π
166666187,16.Π137,10.16666 39,6. 616 aec 111216
6111161Π87,17. 61610666 126, 1011616Π1827-6116116128,2 -orit

17 616 1666611186 39. 6166 66666 Ι7,6
Ι62,.6 ΙΠ 107,8. 166666 eruut Fauonio (Μ.)6. ΠΙ 66, 22. 26. -ium

H 6, 2. 66666 1666611 1Π 73, 22.

11136,10. 10 abl 11136,19. 67,

1006061121 16, 14. Π40,1, ΠΙ 18
8, 6, 16, 6 41, 16, 61, 1. 79, 24. Faustus (Sylla) Π6,8. Fausto 661.

-46m74M,4fflM1.

-..111116.617,14 ΠΙ921194, 161161166Π31,.7

1611
666ΠΙ26 18

11. -iq..6l’13,.15H32,.7 -0111 7312

ΠΙ4,.3 -11111666.6,,.Ι718Π661161661186,39. 1661661621
20, 16. 32, 4. 1H67,8. 100, 2. 11. fenestras Π9, 34

-666116 ΙΠ21,6.7,2.8101,26.66166666181,11

16139,.14Π13,3,33’,.,63818.161612,.128,’14182040,6,43,

m4ffl14344.9m7
m‚44.44m4
14W3444454M4
4‚4m4‚4.-4n.m4‚4

3.,'.J.,446621628.:.JH1616

-6 10.2'1,.1726,.',.',’14H]19301

972οΪ,4424461141766
11. 76 14 9341011

1H94,.9 -..666174,16. -us 61116661. ΠΙ2,1
1Π87,10. 0666611816. -16 6666661614. 16116179, 7. 8413

Μ6Μ61

16661016 122,14. -66 6. III 36,4

444M4444464
44446464444
6666666ΠΜ61
666666666,1
Wss4442em14.

6661194. 161166611Π80,1
1611616661118017. 1661611161,
11. 94,6. -1666ΠΙ96, 16

16166691Π72 12 umm.HI69,16.
6,.,.6Π1996 6-66.,.6Π3116 -16

6616161214. 16166661146

16111066Π178 36,6. 43,12. 711,
13. 80,.6 102, 28. -061182, 7.
m4m54464444
16.106,10

famem Π148, 6

1611111166 1Π21,17. -1669, H4,7.

1126,16.111362372,6.78,14.
1616161666661.16.Π11,12.16.16-
1666617426. Π17,8’.11143,.4
61, 16. 4101111127, '12. 69, 6. ΙΠ
16, 12. 47, 16. 1611116176, 3. 111
78, 21. 01161863. Π28,10. ΠΙ
4118 73,6. 8311 6666 16601616

186 36 laturos H131, 13 611-
116Π193,14 1066. -6111116Π13,
11. 34, 19. 61,4 Ι11137,.24 64,4.
93, 9 10,1 26. -166619,12. 84,
10. 86, 36. Π 21, 9. 1610666111
12, 3. -06111 16, 18 -6,116111124
17. 16111132, 10. 64,4. 70,8
1616666111 1H78, 6. -bantur 140,
13. 1666111 Π21, 21 -um ace. 6.
Ι32,.6 6619219

161160 Ι 68,16. -666167,4. -616

66116Π6,9

44,2,111,2111.-16111176,4.-116116666,1,.107Π37,2.Π11,3.

6666

666Μ666Π66

1661116611126, 13. Π18, 9. ΠΙ 42, 11. 661174, 6. 9. 84, 8. H

67,.4 ·.666 1Π7919 acc. 114,

17. -1611611112211, 661. 119,4

1611611666. HI33,3. ·0661.Π18,6.

33, 6. 44,.8 1118220 -,.613411
ἐξ '101114117430 24111

21,13. 1Π39, 1 106,2. 16 661 fido 1166116616. 111111,1

1611116216. 111, 11
6666

66661669. ΙΠ72, 1. -16111 Π37, 2.

ΠΙ26,7. 96‚.’6 ·16120,.6 66,.9

114,9.,141’831,.438,8

1666666.111106,16. -ibus 661. Π 6666161660116

32, 29. ΙΠ71, 12
1666161166 H 10,13
66661310 abl 146,16. Π10,7.11,,4
1616111161 ΙΠ20, 12
fatum 666 Π 6 6

11106 Π1112 24
1111116123, 6. 74, 21. 84,.6Π23,8

ΙΠ4,16.,66.40,1.63,.6 -111111
131,11. Π141622 713 ·ii
6,161,.9Π169,.2 -106111110,
20. 116 661 Π1108, 10

 

