224 11111111( VERBORVM. .

96,.7 errent progressae 11146, 19. 0100100οο propinquassent 111 24, 8
01601000600.0.01.115,1Ι 25,16. propinquum 060 m. 111 46, 6. -ae
1124,.,.,239211114'3.,3716. 0.[.11134,.9-0111111Π7,,6 -10
38,.497,.9-011.01.1120,.4-6111 ἀ.,.152-,.001111039601Π
11185,13.·10.10.142,11. 58,4. 112,15.-10061.0.11188,14
80, 8. 11151, 15. -00 11124, 7 01001610 140, 8
progressus 000 ΙΠ37, 11 01000611132, 12. -6111 13, 16. -010
01611601123,.8 31,11. 01015014 1112811. -0600016111176,1
68, 11. 11144, 4. 20 45,7 100,7. -100611111028 001111114821.

611111 111 25,7. -0116111 35,15. 6161 propositum 111 102,7. 010-
11115,2. 4018 0101 11154 06011100. 11184,.5 -6111000, n.

11,1 40, 0. 66.,0 60,1. -en'ent 100,1,11141,1.66,10, -6 att.
Ι65,8. Π147111,16.1-16111111 0. 117, 2. 68,.4 1Π100,10. -10
0111123, 11. -nit 11118, 11. 21, abl. 0. 78, 7
9. 30,15. -11100011 32,11. -111000111 propriam 111 20, 10
ΠΙ 258 -6111111111418-0111 propterl29,6 88,14. 45,18. 46,
13,517,518,4.,841161’8.-0161 613 4820 8513113535
16614-666411111169 --01611 21.1119,9.69,.9 101,18.104,1.
tur '141,14. 11124,16.' -itus 111 106, 6. 1'oo,1. '16, 111, 16
18,1 prop 10166 11116,14. 82,11
0101016111Π12,4. ·100161Π88,3. propugnatorum ΠΙ 27, 7
-1661011111113,7 -100111132,26. 01000010 propugnare 11146,11.
-1001610 m 160, 18. -1001, 11 -ante 10.1Π6718.6561111186
512.11188,4.-100610.120,6. 0101101661180,8.111116
1182, 28. f. 158, 7 0101116101ΙΠ68,12. prorutis attf.
01010661135.18,13.85,38. Π 1Π68,8
39, 8. Π11, 17 10, 15. 60, 18. proreq qni'1141, 11. ·entibusII44,
72,14 10.-01111610 01.118,7. ·ebautur
prolationem ΠΙ 32,17 168,.2 -010111111 111151,6. runt
proluit 1404 0100001111 III 81,11
promouent 11 11, 2 prosp 10016 11 5, 8
0101110100 13,2 protegit 111 42, 4. -ebat Ι 25, 23.
010111111066111112017218 -aue- ·,ebantI796rllI668 -10016
. 1611125,.13 6101101118 1100111864
promunturiis 061. Π 23, 7 proterere 1141, 13
promutuom III 32, 23 protinus 1 14, 4. 25,4. 30, 6. 31,5.
pronuntiatione 11 16, 10 11 0610. 111 0011. 0414. 96,
pronuntio 11187,5. -61118,2. 6101 13. 86, 12
111106. -6111111111 01.12,14. -61111 0101106160 0. f. 1118, 6
11153,15. -611016111184,.8 --611 prouentus 11000
1111 1112, 14. -arei Π 25, 18 010011101011111134,10. -016111142,
prope 120, 6. 27, 1. 02, 811263 17. 76,14. 0161 prouisum Ι48,2.
Π16,2.12,.8 37,18. 45,.8 51, prouisum 000. rt. 185, 23, 611
18. 7'0,10 81, 8 01001600001 6,17
010. ’60, 6. 110410. 4016. 111 prouincia 6. 11161‚1o. 01, 10. -iae
060 ,14,1. 010. 0014. 0610.
propellant 1666. -t 1 64, 6. -pn- 11110. 10, 16. 19,13. 10, e. 11,
lerunt 11146, 0 11. 111 01, 4. 011010. 0111.
proponeret 161, 1. 11o,6. 6. 112114. 111 01,
propero 0100010110 01.11113,14 6 -16111111,2.4,22,8.30,11.
·antid 11178,4. -antem m. III 31, 9. 39, 10. 1117,16. 162426.
3618610111οΓ1 and111113, 39, 8. -16192, 11. 30, 99. 31, 3.
14. -6111111111000.11178,20. -610 46, 3. 11 1, 12. 18, 1. 6. 32, 19‚6.
II 38, 8. -abant 114011. -0101 Π132,1.105,3, -1660, 16,13.
ΙΙΙ33,6 -16111111 Ι 4, 4. II 121. 111 3, 8.
propinquitas 182,16. -atn 11611. 61, 16. -1661 1, 0. 6,16. 0, 19.
11 16,11. 01, 11, 11116, 11 111. [014] 0611. 10. 110110.

 

