INDEX VERBORVM.

16

011010.0110000000010101

01010000010
0011ηο1000
0000001οΜ1
01οᾼ1ω10100
00000100400
001ω1010100
0000000400

II 23,1.17. 24,1. 26,1.17. 26,
Η1ῌο0οη001
0001000000
0010000000
1100. 113411. ·onis I 9617. ΙΙ
0101001οΜ0
01ῌο0001010

816..826.,.,.,831084218867.1.em1123181830611
30106.,,9710100,1.,10111.32, 23,13.38,18,39,22.,.40642,,7

103,.,814 104,.13 106,4.,1077. 110, -'‚.'eII34 25, 12. 27, 7. 43 2
1,21,111,,8 112μο (1010οκ00111) 01111111(7101111)1,1248111111249

1Π189.10011111Ι4,.2 10100100011101101304,1111οΠ180,
32, 21. 66,.8 74, 18 1134, 13 -0118131Π23, 11. Π13 0 4,6.
IIIII78, 10. 37, 8. 38,3. uobis6um 24, 6. 29, 3. 63, 7. 81,4. -11111Π
0111110001. 18,.12 3,12. 14,2. 16,4. 0111111111 acc. 113 7 1112614. 47,
13, 0. 24, 11. 20,16. 27,16. 30,6. 13. 63,.21 93,4. -11001, Ι70,101
313 32,12. 341 467. 40,13. 73‚11. I136,13. 111281. 4616.
46,147,248,7,004.01,7. 321,,.1,33331128
01010001000000οΠΜ
11010000010100οη10010100
8. 11, 8. 11 1, 8. 9,13. 11,14. 1140,1. -am11⁷‚9. 111101.
12,7.14,.416,.817,919,11 40,.4 -61136‚9.11123,5. 104,
20,18. 32, 22. 28. 33,7. 34,.6 14. -11111111 H161,13. ·as 636.
30,14. 3683312 403411 83,.141113,.21,.3811126,6.
14144,8.Π11,3.7,4,3,48.17. -1111101,110,10. ΙΙΙ8,13.17,9.
11,1211.413,8.101416,.6 20101017
18, 2. 14. 13, 91 16. 21, 1. 10. 22, 0031011 0111106111ηο 120, 14
4.8..9 24, 78. 28, 017 2812 0111061001001122,2
31, 11 011. 33, 3, 34, 4. 30,.4 36, Cycladibus abl. 1113, 3
26, 37, 6. 13. 21. 38, 7. 141,131 Cypri 1Π106,2 -111111Π102,17
4mmmmmmmmzmm6fflm2
46,9.47,.163..20 48,.,.4437
60,2.63,2..967,.,163761,7 1)
0,001000,1.0,0. ·
68,1. 6. 7. 69,16. 17. 20, 71, 11. Dalmatis abl 1119, 3
72,8. 74,6. 76, 16. 77,8. <79, 6> Damasippus (1110111110114411
80,7. 82,19, 83,.3 8417. 8010. 6111101011ΠΙ83,14.0111111111111-
86, 4. 8. 13. 87, 1. 141 17. 881. 11111Π2112.1131111131111 111111
0’0010’001οΜ1100-0010
0000οῳ00010000040
24. 100,1.106,1, 108,16.103,1. dell, 6. 2, 4. 21. 3, 13, 0,1.0. 16.
13. 111, 17. 112, 31 17. 6, 7. 3. 11. 1218. 13, 4. 18, 8.
00οΜ,0 0,001ω10000
cunctum m.11182,2. 88,16. -ae 22. 24. 32,12. 23. 33,1. 40,0,
11.Ῑῖ 116, 2. -1000, 1110, 10. 01,12, 66,6. 60,11. 63,3. 64,24.
wm6mmww6 0,10001οΜΜ1
wmnn‚5 &,466666646
cupidissim61166. 8010. Π20, 17 H6, 8. 6, 19. 8,14. 11, 8. 14,
cupiditate 111746 11,3.13.10,1.11,11, 10,
cupio cupiens 0.Π187,0,-0101 111 30,1 011, 7. 91, 14, 28. 32, 8.
0000010001
0,000000100
0111100101411
1100010100110
8. 10. 14. 18, 3. 10. 17. 19, 7. 10.

18,2.1111022.-1001111100,8.
0101ΙΙΙ779
0111132101172,3..451132,33
curam 1113, 0
eurici ΠΙ8, 12

 

