GLAVIS DIPLOMATIOA
1666166616 66666666 666666 166661.

-—-—

66,.,.,6661)61696ΙΙΙ69714661666661614010

12117 ΙΠ63 66112018 66ιει6ι666ι138 10
1Π96,1,66111167,7 16666177,6
6616666179,8,16124,14 6666161469
666666ι6Π19,71Π,10814 6666666161,7 -
61666161Π63,3 616616666666Π16,10
6666616177,1 6 66,,66112911 111167,,12 fl
61666 666Νε66666ι61Π63, 14 (666) ΠΙ 73, 14, 6Π9, 29. 111
66666 6Π 31, 19 34,2 86, 29
1166611Π40186118Ἡ28ΙΠ6666606611616ΙΙ29,2

6912 6666661396
666611161Π32 11 1Π142 6 6666111226, v111116,16. ¹
6144,14,11117816 Π8,12

6 666 6 140 ,8(666). 12 ,9(6οι) 666666 61611164

ε16666ι6) 666 6166611410 66 666 6 111101,1

(66666)66 666 66 (6661)119,1 οι 666 6 ΙΠ70,6

obpro fs 111817 66666 um 1118,18

,66, 666 11124, 12 666661116,8.3’2,11

66 66661Π78, 22 pro 666 666Π1104 11
etprotl38,3' rproar178„4 61111866, 61
(1660111710 1ΠΙ2814 461 801οΠ17010615,.851Π
66606Ι23103019 7810 ΙΙ 97,.,’,511016311181,3’,n1
1411121186613,3,1ΠΙ 26,21

88,,7 11181, 16. 86 39 6134, ιιι6666ιΙΠ78, 18

2111396 40, 14, 66612116 66666166,7

616666616613,2 6166661Π92, 10

611666 (1618010 66 6666 qui 11176,8

666 666 66616611103 666666 sed 1111919
666666ΠΙ63,,9 6611411 166661127,,6 61,,1110611 11
61666619,14111102,13 87,711146,17. 66,4,166187,,3
’66161236 1113613 =
16666Π192,10, 66178,,2 6111666061Π30,9

9,1 , 16666666 elam 11212
1666611664 1166661112,..,13816ΙΠ69,11
166166 6661186 6·666661Π68,8
116666ΠΠΙ23,13 61666139,9,1116918
11166666Π29,12 ’6166166661614,1617
1116(1,6)66611ΠΠΙ7611110666666ιΙΠ13
166666Π19,14,6184,11 61666611119,13
116666661148,13. 61,1 66666Π16911
1116011166661’,1121’.38

 

