174 INDEX VERBORVM.

conuicio 001. Ι2,12. -iis 06112, 081110811149,4
15. 23, 9 Cosano 061. Ι 34, 5
conuocato 001, a. Π 80,1 cotidianae y. 1119, 20. -am 11185,
conuoluiaa.s.fiII2,9 12. 8810000180130-140,
00011601· 148, 2 7. 1122,14. ΙΠ 8721. 84, 14 -a
copia a 149, 4. 52, 10. 114,,4 ΠΙ 000 1114916. -18061.00.1Π40
47214846811-8111178,2. 8.f.11183,2. 0.,1118610
11149 2 -8149,1. Π25 23 1Π 0806181280.18611125,Ιο 47,
47,10. 49,.19 00014621 69 10. 49 20 6171026
14. Π34,3. 87,12. 41,18. 44, 4 00668 (L. 811101111616, 15
1Π2,7.78.87,10.109,4.116,.1 08101Μ. Α81811081130,8. -8181
-1801, 66,6.,1087.111,.1-88 30,10
16 3 18, 14. 24, 3. 41, 9. 42 7 Cotus 1114 14. Cotyislssao, 18
11. 64, 21. 66, 10. 66, 8. 7. 68,.2 crassitudo 118, 8 ·dine ΙΙ 16, 8
70,3.81,14.111716. 23,.2 27, Crassus (M. 11010108) Crassum 111
112816331037716 398 31,7
40, 6. 7. 12. 43,6. 44,13. Π13,1. Crassus (Otacilius) ΙΠ 28
10, 29. 13 20 30 14 8,.74 44,8. (11886110811191,1. 99,.3 -11Π99,7
47 9 61, 23. 86,19. 87, 1. 97,8. 018688 a. Π16,14. 11146,16. -ium
18,.31448711914418.112,.5·’.',..‚esac‹.2111461880
833 70,16. Π36,9. 38, 4.12. 17 -16118 061. 12622 2710 40,
39111111161619 29630 1311161411124,2
20. 41, 5. 9. 44,20. 78,8.23. 79, 01801088011Π2, 12, 11149,.3
14. 82,7,103,8.,1117 1.0,818 -aa.411145‚.4 -as178,
08081188(0.)1112.6,61606111158 68314 auco 111192 -isoblfi
0010111124,17 118222,3,Π126,88.,1Π99
081ογ801μ11589 -,.88ΠΙ73 1014064522 80211331
8,611,.,.1164 -8Π13,3.16 41,19.11119,6
8.100,9 crcd1toribusd. 1111, 7
Corcyram 1111015 81841οΠ3120. 32,32, 111 70, 3.
Cordubae ΙΙ 19, 5. 8. 21,1. 11. -am -imus 11815. -cns a. m. 11 88, 5.
11181. auca 8-1,118418 -.888011114,4,80,11
Corfiniensems. 1188, 46 -.158801 Cremona 12412
121, 19. 061 123,13 creo creantur 1111, 1
00160600 Corfini 1201 ΙΙ 28, 2. cresco creuit I 59, Ι
18111000. 115, 20 16, 3. 19,13. Creta 1114 310 5,2
23,18. 24,1.1132,2.Π116,3 crinibus 061, 1110,11
-io 118, 2 25, 4. 34, 3. 1128 4 crudelissimel2, 22 85,13. 11128
coria 0001111616 17. -iis 061. 13. 32, 9
1848184418 018686188176,13.8181813217
00088118(088148) 00011245 25, 88108861117316. -811172, 14.
20. 30, 8. 37, 7 110,14
Cornelius Balbus 111.) ΙΠ19, 22 cumprocp.13,.9 4,..813 7,19. 8,
cornu 01111 89,10. 89,11. 1(,1111 11416.10,1.11,9.10.12,3.
68,..6(111189,7. acc 111869 131115711171921166.
88,14 98, 24. 061. 144, 13. 11 18, 6.10.11. 19, 4. 6. 8. 14. 22,
e4ssn’mfflua’ama8ummmfflmm
88, a. 8. 17. se, 8. 84, o. 8841. 818. 8818. 804. 8. 84, 2. a.
181, aa. -ua ace. 111 88, 10 88, 1. 31, a. 88, 18. 88, 11. 41,1.
corpusve. 154, 6. -8418 Π31,18. 44, 5. 51,3.5.12, 55,9. 57, 7.
84818418 -ora alienave ss, 48. 20. 8014110. 84, 11. 88,
mce,14’ 9’64,18. 641. 08818141,
corripi ΠΙ 109 15. -rapti a. m. Ι2, 21. 75, 4. 78, 13. 14. 85, 33. ΙΙ 3,
13. -is 061, m. 166, 2 1.10. 5, 9. 7, 8. 11,16. 12,12.
corrumpantur 111o‚17.corn1p4um 1418. 17, 5. 10. 18, 25. 19,2 bis.
m.11164,5. -0061.8.Π22,6 20, 1. 8. 24. 23, 8. 19. 24, 24618.
is 081. m’. 11188, 14 8148818818. <28,11.>33,a

 

