176 INDEX VERBORVM.

nmmwmmeue
333633663
3133633333
36ψω3133η1
3361363636.
3363333333.
333633333.
33313ῳ33133

1nmmumwmumu

debet 111 61,11. -331 111 92,14. defatigaret 111 86,10.
-33113 1132, 22. -313 18,11. 20,

-3131 *Ι 62, 3. 11131,0. -rent ΠΙ
61,19. -6331 14,17. 6, 21. -31131
133,3. -aun 111,1. -endas 1
30, 4. 3131 deductu I 70, 5. de-
ducti 3133111412, deductus 1
ffle-mIm.efflni
Q2mfflff73mfiss
333363333
amum&

-3113 d. m.
Iss40,6

7. 35, 3. 15. 1131, 15. ΙΠ 1,19. 63133633131113,8
19,7.24. 20,12. 73,12.16. ebat 631336331176,11. -ant Ι 6, 6. 7,

Inefflmuemnnn
mummmmfflmm

mur
debitorum 111 1, 3. nun

decedendum 33331 1 71,14. (133363-

23. -113 ΠΙ 94, 16. -313 17,27.
3633633336
633 ubl. m. 111 40, 21. 6363111111
33163·63Μω1
26, 26, -rent Π167,16. -di perf.

ΠΙ 64 10 (1313111ΙΠ26 22 --di
1311111,10.1133131176,13.
1111116610. 6311619. m. 11
11, 12. -endum acc 3. 119, 3.
26, 21. (133663 Π9, 12. -deban-

rent I 71,10. decesserunt III
633331(Χ)16,4.16,.932,.639,6.
1116,4 236111632 69,13.
106, 6. CX (centum 31 decem) ΠΙ
7, 3. 88, 10 131 Π196, 7. 6313131 111 101,13.
decernere 12, 7336131311.1311631313331 1Π101, 16
11141, 6.-11,3116 18.-3111311 defensionem 117,11 14, 21. -311
6,13. 311 decreturi 17,11 12,6. 36,10. 11196 11
(133611313181, 17. 11144, 6. 61, 12. 6313133131 11. 11163, 49. i-bue 361.
66, 3. 76, 19. 66 2 abant 116 Π124, 13. 40 9
3. -313111137,6 -1331 111136 deferte 1116413 -13113 19,6. --13
Deerdrue 631113) 1 66, 10 131131 19, 4. -erent 11161,15.
decimus (1331111313)11189,1.-3 -feruntur 1113017 -13111Π169,
180,11. 11191 16. -latu 331 ΙΙΙ 14 9. -1313 33-

1)(33111133) Ι 66, 10. 1116, 6. 40, 16. cent 111122 3. essent tdelutae ΠΙ
100,1. 1113311111) 11616 1117,2. 30,.4 (13131311. 3. f. 1113312

D(ecimum)136,14 6313133111 1133.111.166,3,-111.13.
decipio deceptus41182, 21.-331 166,12. 11221 -13 dm. 146,
66,12 22. 1141,7. 111943 0314624
(13311313 c m. 145, 16. 79, 6. -33 deficiam ΙΙ,31 24. -331119,3. 111
acc. ΠΙ46, 13. 61, 16 43, 2. -6131137, 14. -13631 111
(13313119. 111206. -.οα61 ΙΠ 218 58,14. 6113111612. 41,19. --fi
(1333111333 1116116 76, 6. 96, 11 33131 1,111112 32,-1333131111Π2,

decuriones n, Ι13,1. -um Ι2,37 9. -fecissent 111 99, 14. -63313131

1133311331 128,9,
6363333 11. 11164 12
<63>61111331331 11'1109,c
deditionis 17614. 1116,13. 11128,

·tiurl5,8

ΙΙΙ 64,8. 8-1133 113 361111. 11140,9

defig1112710 3111111011 --un

tur II 10, 7. -3633131 112, 6, --fi
11311611. 127, 12

16. -3311 61, 16. Π 32, 47. Π1 6363113111, 6. -313633111182, 16
99,.9 31132 32. 36, 6. 111 10 defugiant Ι 62, 21.*-31333 (†di'ffu-

16. 26, 6. 97, 16

gieee)t182, 7

(1366311223. 1111111111, 19. -ide- degreditur 1 72, 13
1331Π44,.6 III 28 11. 99, 11. 6313311137, 7. ΠΙ 230 -3313311

fflmd.m.fflw,3
deducit l 12, 10. 32, 2 113, 6. 40,

13.-3111136,6.11161. -3631

Π 18, 20 6331313111 111 119,12.

18,9. (131313313116,16. (13133111
H22‚6. -111,.3111146,.10 -oe
1116628.13361111116,4.1Π
616 11. 146 6

-631111Π21,10. -31331Π136,16. dein 1 64, 6

 

