202 INDEX vnnssonvll.

191, 9. -ele,1. 50, 4. 94, 19.,11 1111,11.11,9.191,1. -eeaee

19,19. 111191. 11,1. 19,1. 94, 111 1, 9. -ibus, 991. 11, 14

1. 6. 36, 4. 62, 13. 91, 2. 106, 4. 1169991169111199111119 961. m. Ι 15, 2.

9191991. 499. 119911. 22, 99111119. 99,19. 111499. 91,

9. 91, 9. 111 9, 9. 9, 1. 99, 2. 45, 17

18.88,3.-um14,15.38,6.40, 19919999.Π11,11.11194,19.

20. 21. 42, 9. 49, 14. 91,11. 99, -em 1 1, 9. 14,1. -e 9911919.

12. 19,19. 99, 1. 111 1,19. 19,11. -orum 11191, 9. 9919. 4119.

19,9.99,11.99,11.99,9.91,1. 11191. 991. 1111419. 1199191

-ibus 9. 1 40, 17. 4919. 42, 4. 2, 9. 9,11. 99, 9. 111119. 22, 7.

1118,1. -e aeele, 3. 9, 9. 9, 11191,19. 91, 11. 05, 11. -iuell

14, 11, 9. 14, 9. 91,1. 9919. 91, 11, 2. 111 99, 15. 19914

5. 22, 4. 40, 14. 20. 41, 20. 42, 5. liberalitate 1119, 19. 1119, 9

491. 91, 19. 94,11. 91, 4. 5. 99, liberaliter 111911. 104 9. 19

19. 9111. 1121,15. 22, 22. 199. 9999199199 119, 2. 111110,1. -ie

27, 2. 25, 2. 1112, 2. 4, 1. 8. 19. 991191, 91199

91, 9. 99, 9. 9911. 991. 75, 5. 1999 liberare 1 9, 9. 9191119111

11, 22. 9914. 91,9. 99,9. 191,1. 2,11. 919919111911. -arei 111

-ibus 961. 12, 8. 3, 5. [11,10.] 60, 9. -1111199 ΙΠ83, 13. -9119 ubl.

19,11. 19, 9. 19, 1. 99, s. 9111. 111 91, 11

57, 2. 38,<4.>5. 9. 39,11. 51,12. libertatis I 14,14. 57,12. -em 122,

57, 2. 52, 4. 19, 19. 99, 19. 99,9. 19111, 9111911

919.1119,19.19,1,19,1.11. libertis 991. 1949

14, 4. 19,19. 49,1. 111 9, 4. 14, Libo (Scriboniust 11919. 1119, 9.

1. 91,14. 55, 5. 54, 11. 55, 919, 19, 14. 10, 7. 17,11. 22, 1. 14,1.

91,9. 91,1.9. 919. 999191, 19. 9111911919. 11199. -em

24. 1991 . 1191419. -e 111 19, 9. 99, 9.
legionunl 9911182. 4111199, 100,2

18. -ierum 19. 1112, 5. 199113, librum 11140,5

7. -iis ubl. lle,1 Liburnarum 1112,1
legitimo 96191. 1525 Liburnicae clf. 1115,e ·
7290 legendos Π159,7 licentiae 9. HI 116, 5. -ium Π 31,
legumina aee. 111 41, 19 19,19. -15 121, 9. 91,9
lenioremf. Ι 2, 3. -9 9. Π 24, 8. 1199119991122,16. -ebet 158, 3.

-ibus 961. m. ΙΠ 19,11. †-ius 79,16. -eretII 20,·10. 29, 7. ΙΠ

9991119 1,9.11,4.19,9. -1911111, 1.
1991919114, 19. -e lll2e,0 199. 991, 9199111199
lente I 86, 1. -119 Π 46, 6 Licinius Damasippus ll 44, 11
Lentulus (L.) I 1,5. 2,13. 4, 3. 6, 1191911111 11152, 10. -99 999. 16, 20

19. 14,1. 14. 1114, 9. 194, 14. -i ligneis aelf. 1191

1 1, 11. 11120,5. -ο 9. 111 191, 11 99999 lignandi 9. 111 19, 9, 19, 9
Lentulum (Marcellinum) 11102, 12 lignorum 184, 2. -9 999. ΠΙ 15, 8.
Lentulus (Spinther, P.) I 15, 8. 22, -19 961. Π 2, 6. 9

1. 19. 194. 111991. 5. ⁴-0 91 limen aee. 111105, 10

21, 19. 11119119. 999. 1191 Lissi 111 19, 9. 19, 9. 19,19. -um
lenunculi 9. Π43, 12 999. ΠΙ 26,15. 28, 3. 29,1. 40,
Lepido 961. Π21, 22 1920. -9 abl. 11142,14
Leptitanorum Π 38, 3 litterae 9. Π 26, 4. ΙΠ 33, 4. 36,18.
191199914911.99191949. -9119,11.1119,9.11114,4.19,

1911149, 9. 91, 4. 19. -1 aelf. 4.19,19.91,9.-19991.11,1.9.

154, 5. 1911911119. -119 uec. 17, 2. 19, 1. 40, 1. 63, 4.Π37,4.

9111191919119999191, 11111.19,9.99,1.99,11,11,

66. leuissimis (1.9. 15,20, leuius 10. 1119. 72,11. 108, 8

9119111927 1119911191191 19,19. 11119999. Π
1999 leuandus Ι9,1. -ubet 111499 29,12. 43, 5. -ore Π 291218.
19117,19.1939111Π21,21.26,13. ΠΙ24, 4. -919 9. Π115, 4. 42, 9.

1111919. -e 114,11. 111914. aee. 11919, 111911. 14, 9. 19,

 

