214 INDEX VERBORVM.

oneratos Π 32, 43
omssmm0wmpnss,m.
-1 ooo. Ι 78, 6. 80, 6. II 18, 19

onustam III 28, 7, ·erum 1118,7

oppugnationis 1119, 18. [26] -em

111,8.10. 36,16. 11180,13. 16.
-01113,.2 31,7, 1119,28. 40, 23,
·ibue 101. 1111913

operom16,11. 7,12. 67,13. 1117, oppugnare 111 9, 6. 22, 6. 78,12.

1111111111

80, 24. -arent 111 96, 4. ·anda

16,2.1111,.16 63, 16. 69,4. 67, 17 acc. 11303. obpugnanda acc. Π

Opimius (11)Π138,13
0011101471 1111819 2911 67,
11. 82,.8 -0119111146,2. 69,71

31, 23

opo opem1'19 1-11. 185,18.

i-bued Π6,18.161.11136,7.

m‚e.fflmewmffime m‚m
01,111111161Λ161111010

36 4 ·oo aec 11 29 8
oportet 11 31,11. ere ’11,1. 11, 11.

ορ6111111111132,9,-19..,11399.

-1111112,13161Π49,18.61

44,12,11110,24. 962 0106111 72,4. 11199 7

82, 17

opulento 1611218020

οροῐ1111116161111138,16. -1186,17. opuen.141‚18.19.1116826·eris

1134,.,16ΠΙ239. ·111111111

0101111110 16110711, 24. 6⁷,9
-111111161Π101,16

oppidemn.m.11,87. 11111. 111

11,16. 11 ablm 1138,2
oppi8um 1.118,.121,,7 46, 8. 61,

18.1Π9,6. 80. 101,13.16. -1

lmfflmmm8„e’mfflom
mmssmmstme’mm.
momemmmnm.

112, 6. 16. 19. -ο d. 1 40,14. Π

18,10. 26, 2. ΙΠ 69, 4. ·um aee.
112,2..10 16,..48 118118,
4.12. 19,.413. 21,8.22,.16 27,

118 20 27,.1 42,.37. 7310.
m,osseome'-ennmm.
-mmimomenmm
ossmmmmmmmm
m‚8nmzmimmm
8,4mmomememe
m,emem-mmmmo
112, 10 III 49, 9. 68, 8. ·eribus
d.11182.14,.716,.16·.eroaoc
120,4. 26,41.6 60,.783,8. Π
110 9,26.10,1. 12,.611149,
16. -eribus 1611 18, 13. 21, 9.
27,.4 32 27 47,11.82,1.1114,4.
ΠΙ44,17.499,11,64,3.68,3.

8. 43, 16. 46, 6. 22. 46,6, 47, 101 opus 6161111822. oense 11277.

111,3,.21613,7.10.14,22,

1872122313 2412 264 01209.

17 26,3..16 36,.132124 44,
6,.91119,,611’11,,.141811,3.

ο.11111Π40,9
mn‚mmmuem
031201112414 6Π166. 78,

29, 8. 38, 6. 40, 1218 8010 23 0111610121 4,.1 ·onem18,.4 22,

102,6,-1.1,.,1,.0001113671610
16,601”1.,.,212223.,1301131,
11436461411211368
1312 20,7. 2219 26,310.

mmm‚8sswmae⁷mm
momenwmem
ξψὲπηωιωωω

36,2,11112,9.29,.4 41, 3. 80, orbe1'1111148, 18. 72, 16
191 26.102,26,106,13.1,09 61 Orcomenum 11166, 8

112, 6. -ie 001. 1116, 3. *11, 6
oppletis 1611). 1117312
opponeret 11130,7. -orent 111 73, 7

opposuit 111399 76,18. 8313.

opponitur 14, 2. oppositum 11.

11179,26,<111.1.1.Π1,63>-11

1011. 168,4

opprimere 11117, 4. -presserot 118,
6. -primondoe I 40, 26 61, 111
11179,2 -,1111111177. 1Π69,11.

-proesa Μ. 111716 -um 111

ordinatim 1111, 16
ordo 161, 6.- -inis 18, 1. 23, 3. 61,

mmmimimemm
-emmmfflmemm
1711111μ1101
6 -1111113674,12.86,10.-61
111.Ι44,2.11.71,11.112,6.
41, 3. 16. 17. 111 37, 24. 93,10.
-111 aee. Ι77,6, -ibuo abl. 146,
14,1136,2.38,16.11163,16.
92, 7. 101, 8

2216 -,11Π3816. -11161Η11011111Π17812

fflm‚u

mmmm9.mo,imim

 

