216 INDEX VERBORVM.

Purtts' Parthos IH82, 18. -is abl. paucitatem 11111, 72, 8. 111,1

111
Parthici .
Parthini 1

ummmuw

11111

participes 111. 111 82, 4. 111. m.

111 60, 20

9181111111111

Ρ1111111111 1. Parthini

paititnr 1Π 82,.6 -iuntur 1 88,7.
78,10. 1111111111 m. 14, 8
pmmae‚5.mm2

paruulum IH104, 12. -ae 1. f. ΠΙ

91111119111111111111.

artinorum III 11,13. Par-
thinorum III 41, 3. -11 11142,18.

91111191ηοί 11. Ι 13, 8. 51, 16.

11111111111,
16. -11 1. f. 113, 2. -orum 111
11111111μ1
8111311417. 1118529.
Π11ω111111η
80,11. -1111.18,13.23,9,ΙΙ
111111111
-11151,11115,12. 194319.
34,2. 46,.4 51,17. 528,604.
68,8..10 ‘15,6. 1121,16 22,9.
25, 11. 28 5 42 8 44, 11. 13.
11133 8. 31,8,4,0 23. 59, 5. 69,
12. 66,.9 80,8. 82,1 102,15,
103,9.104,13.1.12,11. 6914.
1Π106 6 1. 186,.8 1135 23

19, 5. -5 Π141,18.111,20 -ο 9111111111 151. 1Π1115, 18

11111111
smfflwsssmmmmm

-ae 1. paulatim 1 69, 9. 80, 1. 116, 7. 40,

81119314

-is 151. 1. 121, 5. ΙΠ68, 2. 93,5 paulisper 141, 8. 11167, 15

pauperet 111 44,12
passim 1111, 15

passum 9 116 6. 40, 3. 43, 8. 45,

ΜΜΗᾚΜῌ111Μ

1811ω11ηω1
1111111111

111811111 Μ1111Μῌ11
HQMMMMfflQw mmmmffimwffia
1111111111 1111111111
mffiumm4mmpfflmfflpwumm
ssu‚MMMmm. 81111111111

abl. 141, 12. 11166

-,11111855.111 11511. 57,15.

911101111.157,.111111115817 90,4. 112614 7412 85811
1Π4,1.9 -.θ1111124,4.Π121, Π110,.18111,.171’9,.719.57,7

15. -ibus abl. 156, 8
pa atefactis 1511. 11121, 18

peceare II 81, 21
pectore 162, 5

9111111111 1111. 1110,11. patebat 91111111.16,.1-1119.1120,24.

Ι45,12.118,.711163,.3 -0111 1Π83,1.6 1115,4. (1.1

Ι32,6

133,.9105,
6 11111143 2315 117,5. 11

ρ211118411119111103,12. 186 22, 20 Π13, 7. 22, 11. 31,

108,9 -111111110319.109,12.

4. -11115μ523,14.11183,14.

110, 20. ·1Π1107,7. -1111, 11 1021310112. -iae 1. 16,22.

9111111111 11 Π 25, 12

1Π14 2017 32,.120. ·iasI
39, 1’3. 1121, 7. 12. 11131, 3. 32,

9111119181111111111111.111987 612. 83, 2. 60, 17. 105, 2. -iis¹

·nterI85, 35 11115,12

1511111211

patientiam 182,11. ·i5 I 45,20. pecuniariaep.f. 111 59,8

Π147,15.17

pecus aee 152,10Ι 11147, 21 -111

9111111131 12 -iaturI9,24. -iI acc. 148,19
9,18.13,3 Π82,25. 115111111911111151111511 112,6
9,27.-111)11111115,.04 III45,15. pedes pedites 1. 162, 5. 11 25, 10.
-5retur172, 4. 1113-11111111-,111130 16 39, 811285 15.
11192,4 passummm 16,10. 40, 3.7
passus 1111815 9111111111Π 91111111 151. 1. II 32, 44
9,5. passus 1111113210 p·as peditatu 11414
sus 11111, 10 esset patienda 1. Ρ11111(0.)Ρ1(111151 11122,6

9111111697117, 2. i·5 ΙΠ 32,13
patronos 135,11

pellibus 151. Π11318, 1518
pello pellerent 11115, 20 8811.

-11111111186,4. -11111111Π1,12

 

