26

luxuriam HI 96, 5. -iem IH 96, 8
lyntribus 661. 128,13

6

Macedones 640. ΠΙ 4,“26

Macedoniae 9. HI 36, 6. -10111 ΠΙ
00000664Μ.]
6004Μο604,4.
mma

machinatione H 10, 20

macie 11158, 16

ωψηηιηιηιηωι
20, l. 22, 29. IH96, 10. 107,6

610310101118,9.-111011.Π43,.4
-os Π43, 11

‘¹644 1121121 201 12111
28. -ι1ιιιιιΙΠ22, 12. -ιιι aaa. H
19, 4. IH69, 6

Μο61110(11.2)124,13.1-11111120,9

magnitudo Ι 60, 2. Π2, 10. 38,7
ΙΠ63,8, -1112,,216412 -011112422
6 014 4. 26, 202. 40, 11. 66,.6
1Π8,11. 1012 2316628. 11227

6081000101202816. 4423. Π329.
13, 6 11144, 11. 84, 172

ωμο1060010006
1000606606
Μ10000000,0
Πιιωο000160.
060661000,0
82,10. 87, 6. -um ιι. ιι. III 16, 21.
-..19ιιΙ21,,1-.οι1ιιι.Π8,10,
(1.6 Π8,22 ΠΙ46, 17. -1111161,
117,6. 61,.16 66,2.3 66,4..6 61,
6,63,7. 274,26. 279,142, Π3,9.
18, 22 13. 26, 16. 64, 14 38, 2.16

INDEX VERBORVM.

64661ΜΜοΜῌο
-a ιι. ιι. Π39, 11. -arum IH 22,
0066Η60010

ιοοΜ1010οΜ0
οψωο0010610
16. Π 16, 10 17, 11. 12. 18, 31.
0004000006
10. -10661.ιιι.1Π81,.782,7.
sswww9mmffl½
1. 103 8 112, 28. ιι. 116, 20.
18,10,207,,8 47,11. 51,4. 61213.
Π2,214. 19,3, 1Π21,13, 30,12
49,11. 68,3. 76,.8 11101016. ιιι.
1Μ,4.Μο1οΜ,Μπ,
14. -1ιιιιι, ιι. 11146, 10. -iorem
ωο,0.00,1600
21. 60,11. -ius 660. ΠΙ 72, 9.
-iore ιιι. Π1 30, 10. 1. H 14,18.
ιι. H 16, 1. 30, 8. 1010106001.
148, 9. -0 acc. Π167, 19. -ibns
660000060
maximae ρ, ΠΙ 10, 10 610. 109,9.
-0111 14,14. ΙΠ6,1. 111, 6. -um
660.ιι.1Π47,17. 6 661. ιι, ΠΙ
ι,06060οῃωο6
661. ιι, ΙΠ46, 18. -ei ιι,ιιι. 148,
10, 6οι111606, -οιι.ιι.Ι
22,.8 01111111Π47,.19 -00111
311460,,11-.0000111,2.-10
661.1127,.12Ι12,.5262661
fflw9ww -ΜΜ.12Μ6
172 -10661.ιι,123,.10 Π162,.68.
-ais 661. ιι. 129,Ιο 6666212,
ffl·6462Qffiss44
6,4666664ma
0000660066
43,11. 44,.8 46,.4 94,12.109,

44,4 7. 23, 7. 44, 222. 47, 182 62, 111010010161111Π106, 16
011111118 2618 62,,61 682 1110101636 81,16. H16,9

8Π111.2,.323424,,71113,231110101101112211-10661,2,Π2016

6...68 38,6. 61, 142 66,6. 1209, 01610ωο10601 172, 9. 81, 17. 112101-

11..18 -..111116606161,18, 82,72

1011Π80,8, 6111132216

1Πο3 13 70,7, 962. 06612.ιι 0616600166.181122.661Π11,

14416766817 61264
14 682 270,16. 77,.6729,16

1. -1011.1Π70,21661.181,122
Π22,1

Π14,3. 33, 224. 40, 14. H414, 0010101060, Π16,3
11. 227, 7. 36, 6. 41,29 47, 22. 612 1000601126, 14. 20110101 Π 13, 6.

2.,964,101,28. -02,2.1161126,26
66,9.2,.2,,669631164,2.24Π12,
122 22,72, 2710 3010 31,262
36,.321[116,2.,2619626,2,1166
4371416 46,2.,110 63,162

ΙΠ69,.0 01061Π223 6111111
1Π162.7 06.,00187.,,3,4.104
1116726...916 -.11612ι1,1210,124,
13 26126934101Π106
11416 23

6712 64,9. 66,12, 71,.16 76210. 111011οΠ2791Π3744119

872 17. 1121, 8. 1212, 1. -0661, ιι. 11ιο1101οΠ 241, 17.

11723014 798Π316Π1
10222103321001121μό

-οιιι111ιιι2 600. ΠΙ
74,7.610111Π116,7, manserant
Ι621,10. IH 66,182

 

