INDEX VERBORVM.

13. 23, 5, 25,13. 43115111007. 11
33333

locari 111 46, 2

locupletum 1Π110,15. -es ace. m.
IH59,.8 -1111111111Π31, 14

100111 Ι45,11.15. 58, 13. 84, 14. Π
6,.81,.63823,,5,24511. 67,
3. -19138,15. 66,11. 71,12.
79,3. Π1,.9 28. 25,3. 31,5.
3ῌ13’3311’313
1131313133
31351113333
11, 4. -um 11111. 41, 11. 411
3331333331
313Μ13333
31313131ΠΜ.
331333133,1
28, 2. 18 30, 14. 44, 11. 16. 45,
15. 46,..320 55,2. 65,3.66,9.
13. 73, 4. 16 81,9. 95,13. 106,

203

-11111111.Π10,2. -11111Π1,9.-5
ΙΠ69, 1. 5357. n. 124,16. 28,
31ῌ1Π31313
33313313111
3,133Π33333
42,.5 -03130, 13 36, 11. 56,.2
Π’,.,’.,184ΙΠ754014. 62,11.
111,8. -14431411238111106,
6111111111Π3011-101111.
1Π10210-1ο1015159,5 -es
5117. 119,10. longe 159, 4. Π
113133113131
3333333Μ1
3313133133
3313131333
10 8111Π842042410
41,.1111Π25,.1534,.34’2,.7
12 4917 51656366776
9.84,7.85,13.105,.5 -11111110

11. 112, 22. -07151 127, 17. 31, 1151911191. Considius) 1193, 14
12. 33,4. 41, 8. 44,.4 45,..1017 1031111111 23,9. 8471501111-

3,1.5.3,133343
3333313Ηη
13ΗΜ.13,3.ἉΜ
13313ωωμ.3
33,3.3,33333

5111 ΙΠ 15,15. loqui 111 15, 18.
18,11. 19, 24. -01171111111Π19,3.
35115111Π173 0511111172 19
Π39Ι6150117111Π119,19.98,6
01 21,9

30, 20. 21. 365. 37, 19. 20. 38,4. Lucanis 007. 130, 14

40,6. 42, 218 44,14. 4513. 1111111οα717Π119,8

46,14. 50,6. 51, 15. 17. 22 52,4.111100111124,2

6611. 6'3,1.6'. 65,5. 66,610. hwescoluxi1123,l

17. 6718 74,...257 76,16.85,6.11110111 Hirri 111’82, 17. Lucilium

14.98,.591,4.8.93,14.1004,1

Η11111111115,17

102,15.-951.Ι49,5.ΙΠ2515.1170114311.11.11,.,531213..5,4
42,’..,’.1644,194912 -01111111 8,4,.131123,.34.5.24,.533,
17,.,431741,,,4Π16113.-1117. 74016 661οΠ312210
Ι79,911185,3-11αο’0.,,1372 2381Π1112 1221922 83
51,2θ.,669.13.,676Π16,10. 7,’.’.’,.93,.13194,149121220,
333ῌ1331ω11ωω31ω3331
uffimumuffiuffl,3ummuwaumeum
3133131333,1.133ῃ131.ΗΜ11
4..,.,..,.121158922351519 3224ΙΠ101346421183
40,.,12411.1113,.,.524436 6,104,,9α57.137,4.61,11111
171,417.’,.421244,.’,121465 18,8

52,.1 58413, 84,6.16, 857 11115611(0.,.)1111-1131.,1181
98,2. 101, 32. 19227. 109, 6 11113111171111111οΠ171
longinquitatem 1994 11115111 11 Π7, 10. 9Π41, 26
7319711903 longinquum ΙΠ80,13. ludo 35111414

-1orus n. f. 160,13. -eis acus. Lupus (1715111111) 124, 6. ΠΙ 56, 6
152,11. -15111 abif. Ι29,6 1111171113. 97. Ι,48 22. 11 3511
Longiiium (1101311111) 111111 44,5

36,.7 56, 2 Lusiianiued. 138,Ιο iam138,.6

1011171611311145,15 Π9,18, ΠΙ 111138 7

m,4 mm.immmmm4
lfflffnfflmuwummflfflffifffffflssffiQQQQ

mmmmm.mw‚s.mm 3,1

 

