INDEX VERBORVM 171

confirmatione 121, 3
00211121οΠ194,18. -2113,3. 14,
16. 1142, 12 -2111114, 11. 74,

11194, 4 conlocuti 2. m. 128, 4

1011οἒἔ.ξ,126,19. 0011002111061.

12. Π4, 16. 27, 6. -216 HI 64 3. 6011100210126, 14. 77, 2. 86,11.

-2101129,3. 2211113611-2110-
1221 HI86,.8 -2201221Π167,3.
-suisset 166, 21. -22111021 112,1
7. -essent 1134, 14. -etur ΠΙ 82,

8. 211121 13,19. -211129,8.11
31, 17. 1Π 87, 20. -21111200, 111

1619. -orummw1151311131,
16. -,.02Π1782 2111112216

-106.1117-11112000181,.8
116,12, 11116, 6,1.0 19,13. 67,18.
-io 061. 126, 20. 001100111021121
44,1. conloquia 000 19, 24. 32,
19. 1111e,17. 19,2. colloquia
000176, 4. conloquiis 0611Π
48,6.1-11Π90,.4 0011001111 ΙΠ

22. us. Π169,.6 -is 061 m. 111 0021110000 conloquitur 119,6. 22,.2
84,,1 117411. -21101012 12Π1 -locuntur120,.4 6002112416,

0011111111 184,13
002610121021111 I 62,8. 2112. m.
1122, 3. ΠΙ 28, 14

84,4, 111103,16. -quendi 124,
14. H24,8. -queretur119,9.
26,16. -10011112.21.1Π6012

00221021010 m. Π29, 12

002610121167,7.-221Π3,10.-01000200002212118117.-021111120,

166, 6. 86,4. -endum 000. Π4,

10,Π1121-221022.ΙΙΙ,,212

16. inerunt Π6,19. -igereturl’ -eis 000 2 165,4 fuit 00222-

0011101010 111 9, 26. gi-ebant l 68, 4.
-gerent 11169, 21. -erunt -111 96,
16. -01221 18, 2

61112165,11. conandum 0001
64,13 Π6,,17 6,.4 30,2. 11168,
16. 20001316. 2<112>1111111
69,7. -2112111111111111,9.-2101111

Π178,18 102,11.-211121111Π34,
11111 14. 64, 16 00221111 011
160,1. ΠΙ 18,16. 0022111021
111 444 60,16. conatum (m)
esse 111106, 2. conatus 116,10.
Π111,13. 40,21. 1114

161102110011111132, 12

congesta 2. 2. 1137, 13
congesticius 1111, 10
⁶⁰⁷6ququ 002 Ξς11ἵ1200110,
1210
congressu 0111. 146, 11. 44, 6
00210, 002100- 2. 0010-
coniectans 2. 21. 111 106, 2
0021001212 ΠΙ 78,19
0021111111 146, 9
coniungunt Ι63,.6 1110,8 -eret
11130,6. *63,11. -1112111118,12. 0020101111Π166,6
1Π2114. 3118 -0121Π113,6. conquiescit I4l, 21. ·ere ΙΠ76,.8
01221Π19717 11101 ΠΙ 1616 -01110110111121, 17
-iungitur 111 112, 6. 0110 002· 0020211111 443. -unt 130,.3 -orent
12201211117, 11 01221 0021112012 11196, 4. -1116, 1, 77, 2. ΠΙ42,
1642. 002111201Η2001ΊΙΙΙ88 16. 0-1161,17, 0111111122 0000.
6 -.111210 146,1.4 0002111 1114219 -11061.2.,1606
112, 21. -0061, m. 1H34, 1 48, 0011100212 11110214
11. 8,.01 -12.,1οΙ16,11-22,0021220111201106121.174,8
2.Π29,10. 0001011 H26,.2 0021002611Π104,13,-1121Π4,.9
Π168,71101101.1,11828.2.01012714010211143111Π
H2,6 6,.4 11ΠΙ 3616 011121 ΙΙΙ 101
0021211011οτ2 Π6, 21 26.0121112212-01221Π6,16.
00212262116,3.18,1421,7.-21111-111021127,17
12, 28 conscientie} 111 60,8
conlocat II 33, 9. -ebatl 26, 18. 0021011602621 ΙΠ4,.6 -pti essent
2-1111ΠΙ20, 3. 37, 20. 886. col· 12,.6 -ptsm165, 20. -12, m.
locauit 111'eo,14. conlocauerat HI 61,9
111 44,3. 89, 2. -entur 1110,6 00210012201221111106, 17
-021111 1110 8. 01221 0021002120 consectabantur 148, 23
Π 10, 14. 11188, 8. conlocatum consensu ll 83, 6. 64, 16. ΙΠ 102,
01201,.Π11069 conlocatae essent 14.116,13

conplexus (oret) 11163, 9 conple-
11112.212.111112,19

 

