29

01ΜοΜο000
13. quae 1111111105, 9,1.15.
00101000000
0000000000
61,11.13. 16,12. 81,4. 82, 8.
01111101110
001ω101100.
0001000100
0101000000

10103000011

10101010101
1ω100000100
00110110100,
01010101101
11Μ1001ω1010
000οῌΜΜο1
00001ὣο1010
111111111110101111

INDEX VERBORVM.

0000110101
Πᾙ1ῌ100010
0101010100
0001000011
1103010000
0010110101111,

1100000101
001110111100
000000000

01010101101
000010000

0000101010
000010000
000000000
00101001001
οΜ0010οΠΗ1.0
umffimmwn1h1w
0,00.0,1,0,0οΉ1

1Η1010000110101001011Η

3641115 7417847914
16,1134,8,44,5.1119,.121,.27
15, 15. 19, 20, 20,14 311244,
22. 56,.5 59, 4. 16. 96, 16. 109,
15,110,12, 1111111117 17. 29,
10, 40, 25 56,.3 1143, 8, ΙΠ29,
5.88,4,101,27,111,9.1111111
11.110,4.26,13.Π157,,6(111-

111611.11.11176.11111111.111
20,12,1. 1112013,109,14,
(11111 111,5. 111282 1111111
19,.4 (11611314 1117312,
11511611. Π32,2.(111111.1111’.
115,14,11177 1111111111
90, 4013. quibus 11111111. III 905.
f. 1112913

11111111.149,23.116,4,6.1Π 1111111111,11311118414Π24,

4Wwffiwhwfflu.ss
aewwwsnmwfflw.
011000000
οΗΗΜ110000
1Ἣο10001010

11111101101101123,
111111.11,119,13,21,.3Π8,
6.Π177,.211111Π1441611111
128,5 quod 1111, 174, 10. <quo
1161111. 11144,15.q> 161021

5.56,8.65,1.70,.572,,774,17.11111111.,Π3228
7568 77,585,.519. Π6,.5 11111110
21, 9. 22,8. 25, 10. 40, 2. 42,1,4 quicumqueu. sm. 1753. quod-

10010οὣ11010
Η1Μ10,οΗ0101
1Μ1110,1000
1100.0,0,οΜ.6.0,
001110,1,0 ms
1Μ1Ὕο4ψο1000

1101111111.11164,.4 quemeum-
(1111111011, quamcumqueII
41,10. quodcumque acc ΙΠ 6,7.
quicumque 11. 111 111. ΙΠ 47, 3.
(111111011111,11.1115,16. quau·
1111011133,8,37,5.101022

26,2. 26,2. 34,6. 36,4. 37,2, (1114311110Ηο 1136,1, 11188,16

389. 40, 22. 42, 12. 63,.4 1118,

18. 21, 7. 16013. 23, 3. 9. 16. 28,

1ΠΗο111’1100
24,5.‚..,..,.599†8425952910.
0616 7110 78, 8. 87,10. 887.
89,10. 98,9. 107,2. 111,13.
(1111111111,1,,2662.,.7118,8,
9,2.,..,..105815518319,5.
00010’00000
0110110100
0000100000,
1Μο000000.
0011Μ10000,
00οῌΜοΜ100

quaedam 01111192121-111
11111170,12.1116120.(11111·
dam 11166, 7. quoddam acc 111
45, 5. (1151111 11111111, 1119711
(1116101138,16.111104,11.
quodam ubl. 11. 144,5, 1113, 3.
11111017, 1111111111.111111.111
101,14,1116116101.1“.1121,19,
(111161011122,9,108,4.1111-
(1111111206. 66,Ι.4221116111111
abl. 111. 1138, 2 4,8,4 21,
103 2 111111 11166,9. 66, 810,
11. 112110 36,3. 11122,.6 311,
42,4. 49,17. 5⁹7st

 

