210 INDEX VERBORVM.

ΙΙΙ7,.3 17,11.(j)180,5.(l)11 8811ΠΙ87,,2 ·1181Π64,10. -18686
41,11. 111164 47,12. 66,7m(m) 129,12.11011861117822. 1181118-
1481316 678 Π36 12 ΠΙ 1161834
3218 44,4, 6117 66,7. 12 84, 8818888161, 16. ΙΠ32,.6 acc I
17. 101219, (11)186,16.36, 11 61,12. 1132, 61 111[71, 9,] 109,
11116517,2.44,13.110,181110,6.112,2.-1118112221,
1. (ρ)Ι76,6. 11'31,11. 32,144 3249 363111482112 67,
4117 4221119412617 131,1,,1,1026108211011
12. 51, 12. 3)Π16,4. 1Π69, 22. nominati11’1139, 8. Π6,16
(1)1113,3. 144,9. Π144,,1490, 1101111,..461212,,418, 7,19, 10,
13η88’88888 8881888188
8ω8888888 888888888
mmmmm8mmm 888888888
8886888888 88888888υ8
74, 9. 90, 6. (6) 186, 21. 119,22. 48, 26. 49,6. 61, 22. 62,.2 68,13.
31, 23, 24. 1Π 17, 1. 60, 1, 87, 4. 69,4 ,,[62 7.] 64, 7. 16. 6,76. 69,
ωηω888ωωᾛ88818μ88ω8
1ω8ω888888.8ψ8818ωη888
888888 8Ἣ88881888
8ω88118 8888188618818
mm8mmmm861mm8mmmmw
Π888888ω8 8888888888
88881 8188888888
88118 ΠΙ 16,18. 73, 6. 92, 3. 103,16. 34, 2. 9. 19. 37, 2. 13. 14, 39, 9.
112,32 18. 21. 41, 6. 42,10. 1111020.
neutrum 8. 8. I 48, 9. acc. m. 134, 23. 11, 1. 13,10. 17, 10. 18,4.13.
m8m8mum⁷ 88888888ω8
88Η88188888 8888888888
8888888888 Η888888ῌΜ8
8188888888,8Μ1888888Μ8
mmwwmwfflm. 8’888,ΗΜ88
117,11. 17,6. nihilo 81111118 ΠΙ 63, 10. 26. 64, 11. 66, 2. 13. 66,
17,10. 18,16. nihilo setius III 17. 70, 6. <71, 10.) 12,. 2 ,311181
26,22 6718886810 731814 76,
nimiam 111881. 818614 11. 8818. 881818. 8813. 81,
ὡη8ῌωῌ888888888ᾙωῌμ.
Π31,10.34,19.11119,24,44,.4 96,6,14.99,1,101,26.102,12.
87,14.101,13 26. 103,10.106,15,106,9110.
niti ΠΙ43,11.-81)86111· III46, 1. 108, 16,111,20,112, 10
8688681146288188188 8 ΙΙ 88888 Ι,Π6 8
37, 6 888118811126. 30,10. 87,9. Π26,
niues 888 148,4 4. ΠΙ 6311. 80, 16
nobilem 8.Ι34,7. -1881188851.18.88881888’110000 nongentorum m.)
Ι39,81112,.4 1100101111 (8883 88688
8861618618 ΠΙ 36,7 8811861) ΙΠ 71,2. 00000 (888-
8888861813, -8181813, 119,15 388618 85618.) 141,1
8186Π11618. ·iturumm18,5 nonne 113226
40. 88 ΙΙΙ 3811 8,8.68118611 8888111188.ιῆ 11310 -,818178,2
8181111686-8146,6,-188.Ι77,.,48016,
88Η888188888 ΜΜ18888’888
2. 4. 6. 76, 12. 81, 7. 11 44,4, 111 74, 7, -88 8. f. Ι24,10. 111267
237..36937161964162 31,11. ·,.8881129,1.3 -orum
6.6,1316 97,14112,19 18.Π196,,3 -18818811110224
8886818113.8,,121,6·,.818888188812218111112672174,
Π116,.11 -51118,.5 -081118 1, 88168,18.11166,9.79,16,
1140,1.11196,.14-.,.8α88167718861813161112162822
1881168. 111188 non numquam 1’ 64, 3

 

