INDEX 1888011111. 159

0101111101. 111111 0. m. 1111110. 18,18. f. 11101,
Alesiam 11141,18 1. 8. 72, 6. 89, 5. 111111 m. 14,8.
Alexandria 1114,16. -dreaeIII108, 0110. 111111. 1011111817.
11. 108,11. 110,11.18. 111,18. 11 11, 18. 11188, 1. 10, 8. 01, 4.
118, 3. -driam 11110118. 104,4. 83,14. 89, 5. -rum 00011. 111 82,6.
100, 8. 108, 4. aream 1111011. -10 00110. 10110. 111111. 00,
111, 1. 0110. 11110111, 101,4 18. 010. -11 11 10, 4. 11118, 18
Alexandrini ρ. m. 111110,11. -nae 000. 1111. 1010. 10011111 108,
9. 111 110, 5. -111 111. 1111101 18. ·re 000. 1111111110 ·
Ahnemonem 11136,Ιο 37, 2 altercari 11119,19
aliae 180, 3. 5. 64, 4 alterutro 051. m. 11190, 8
alienationem 11 31,10. -ne H 31,15 altitudo Π 2, 11. 8,1. -dinem 111,
alienum 0111. 1113118. 11111 13. 8, 11. 10, 6. 111 54, 2. 03, 2.
1001111131οο. -o 001011 1101010. 1111111
6,0.1.1Π11,4.011111111101100111111111.0111101110,
1110 10. 0100110111 1,8. 1101110111.
aliquandiu 1181,1. ·quamdinIH 10,8 88, 14. -mis abl. 11. ΙΠ 77,5. 80,23
aliqnando 188, 88 Amantia III 40, 18
aliquis 18, 8. 1111110, 1111111111. Amantini 11. pl. 11118, 9
111 15, 22. -0111 s. 1118, 7. -qnem Amanum 000. ΠΙ 31, 2
11151, 18. -qnam I 01, 4. 11188, ambitus ρ. 1111, 18
11. 88,8. -quid acc. 1 00,1, 11 10, ambo 0,0. 1111110. 1110. 010.
1. 88,4. 11188,18. 88,18. -quo 108,11. -os 148, 8. -81 11 8, 88
m. 111,18. 00, 00. -qu8188,11. Ambraoflinam 11188, 11
11141, 8. 18. -qno 11. 188, 8. 67, 0111101οἰ00 11. 11188, 11. -am 11,11.
10. 11180,18. 18, 8. -quos 1110 11, 1. 10, 11. 01, 0. 00,10.14. -8
01111011011011111 ⁴ 14,18. 81,18. 11110. 0111.
alius 1 11, 11. Π 14, 4 000. 110. 011. 1110. 10111, -001110011
-111111111, 11118,8. 1100111 011110001110. -0001 111 1011.
10, 8. -iam 1 81,18. 111 11, 4. -10.10,0.00,1.111101,1. -orum
-iud 001. 1011. 11 0, 8. 111110. 1110. -00 111 100, 10. 110,18.
80, 0. 11,10. -io 001. m. 11111. -10 111110. -is 001. 11110101.
0111. 11010. 1010110. 11 1010. 1010. -issimi 010111
110. 11111110. 0101. 011. 011110. 010
00, 0. 0. 00, 8. 14,18. 11. 1114, 011110010οΙ 11, 4. -isit 111 00,1.
11, 10, 0 010. 8. 111 011111. 10, -iseruni 111 00, 8. -rii 1 01, 0.
0. 88, 18. 84, 8. -i 1 81,4. 1188, -10118181, 4. -itiereiui 111101,
21. 11176, 8. -iae eas. 11110. 18. eunt emissa 1115,1. amisso
83, 4.’ ΙΙΙ 81, 8. -10111111 m. 11180, abl. m. H 48, 11. -issa 11110,11.
1. -111 d. m. ΠΙ 84, 18. 108, 84. ·a 1111. 11111, 8. -arum 111100,
-100124,17.111110,1700’0.-1111 12. 0100017,Ῑο -10 0511111
11110. 11188, 8. 108, 0. 101, 1, 01, 11. 11101, 11. 10, 88. 48, 18.
-ia 888. 11 8,88. 111 0,10, 111001. 81, 0. s. 1 81, 8. 111 10, 11
011688. IH 1, 1401'8. 48, 80. amm· 11. adm-
f. 11118,18. 101, 10. 18. 11110. ammodum 11111-
81, 12. 119, 22 ammonitu ΠΙ 92, 4
Allobrogem 11184,18. ·gee a. 111 Amphilochis abl. 11188, 1
00, 1. 10, 18. -gas 11188, 18 Amphipoli 111 101, 8. 10
alluitur 11 1,1 impium (1.) 1111011
alo alerent 11188, 8. aluenini 188, amplexus 11111, 10
18. alebantur 11 22, 5 amplius 1 17, 6. 46, 14. 18. 82,12.
110011011110. <88, 4.) 111 1,11. 11 11, 0. 111 10, 8. 88, 8. 011.
88. 111011. 18,18. 51, 810. 99, 1. 9. 11011111 11. 111. 118,18.
0101011010. -ra 1111129, -08 11188, 8. -is 01111011. 11117.
10.111,1.0,10.10,11.11110, -0 1110110
1111110811. 101 27. -111111 an185,10.1181,11. 01101010.

11111111. -riui 111100. -ri 80. 41. 111010. 101, 10

 

