156

16666166661
66616661156
η666666161
99499999999999
mm9999999
1666616661
116.6μ6111166.
61666656666
6661666666
11615656666
66116516666.
6166616666
6,ΗΜ166666
56666Ηη66.

111161 1116611111. '

6161161666,
666661661166
6666166666
6666666666
66666666
65666616161
6611616166
16661666661
56Μ666ῃ566
1ΗΜΗ666666
666156161561
566666665
6966Μ561Μ1
66666.66

665ΜΗΗ5Μ6566Η656Μ566
6η66ηω6η6666ω1
19. 61,18.19. 51,1. 55,5.1ο [15]16111111 55,1
99999ffl99999999ffl9’n

69, 3 810 13. 15. 72, 15. 73, 8. 5656511119 ΙΙΙ 59, 2
74, 13. 16. 20. 75, 7. 13. 76, 915. 8116158585 1118, 22
78, 4. 6. 6. 80, 13. 14. 81, 1. 2,6. 8661518, 14. 87,2. 1111618· 11115

9NJ9999ffl9999
5666666’666
15116118115861,1.
99499999999
1.1Ἣ6565Μ516
999999999
1m9.m,M49999

Ι56,3. Π3120 ΙΠ 1518 -5585
mm.mm9999
-5161 11182 28,13, -5111115 ΙΙΙ
59,15. (5615169, 10.>- -558516
ΙΙΙ6,.4 -190919499 911
40,11 15 991911549 102, ,
16. 6. ΙΙ9, 10

16,13.17,10.1451’5.15.18,14. 866651513610.6111517114.6111-

6’1Η556666.6
6.615666556
9„99w999m999
9m199999999
61661611666.
1Μ56666166
16ΗΗ6Ἦ666Ὕ61
999mm9‚mm½
ΙΜ,5.615Μ4656
9W299÷99‚9.999
ι16,65’56.’6515
665666666
6186155616566
611615615166
6666616666
51656656665
6666616666
1616666666
15616565616,1
51666666664
19999999999.4
9999499949
999999999
999999999m.
5Μ156Ἣ66565Η5

119111499 6511611132, 43
18515681114,19.19,80,14.
66511611312 51Ι6118 ΠΙ
107, 2. 6115516 ΙΙ 27 9. -11111 m.
ΙΙ 20, 11. 111999 78, 8. -16 m.
m999mmmmm

8650 adu. Ι 8,12. 22,18. 69,12,

6,66666666
6,166661656
56ΜΜΜ6

adeo adire 149, 9. 64, 8. II 7, 3.

4616. 11178,3. 105,15. -18115 II
5,11, 111 102, 21. -15111115 Ι87, 7.
6666566665
9. ΙΙΙ 103,1. -dis 967. 6. III 85,7

adfero afferre 167,11. ΙΠ 5610.

adferre ΙΙΙ 17, 17. adferebat Ι 11,
9. 56656151,5,11151,6.
8667155865 ΙΠ 15, 21. 855 5111151

751 19 ΙΙΙ70, 12. 111, 7.
86511115 111 33, 10. 36, 27. 60, 6.
attulisse Ι 53, 7. ΙΙΙ 72, 9, -5155 ΙΙΙ
62, 13. 51616 adlatae HI 198, 14.
essent 9119· 51 ΙΠ101,15. 5618511111
909919919-199919 111101,16

10. 14. 16. 18. 20. 58,1. 6. 59,15. 6615510 esset 8117155118 ΠΙ64, 7. 86-

6061519 61, 6.7..15 62,7.8.
161114. 6412. 6914. 67, 9.

fectumm 191, 11. 11,-56161, 13.
8655555 ΠΙ 49, 9

 

