INDEX VERBORVM.

111111111
111111ΜΗ1
1111111111
11111111111
1111111111
111111111
13, 46, 5. 90. 47,16.18. 19. 49, 9.
4 606 61,.5 60,.9 65,6 69,13.
76, 94. 76, 91. 89, 14. 99,3. 93,
16. 97 ,<5..>16 109, 90. 107, 11.
1ΠΜΜΜ11Μ11
11 cccccccwplmlblll 715.
1111111111
17. 65,.6 60,9. 66,10. 64,10.
79,19. 14. 76, 10 79, 11. 81),7.
Π6,.17 14,19. 914. 99,9.17.
61, 19. 66 91 4916 ΠΙ9,.8 19,
9. 61, 19. 69, 13. 67, 97 61,16.
69,.699,10. [111111
111611913915.1111117418
Sulmonenses n. l 18, 6. acc. I 18,1
Sulpicianam m101, 17
Sulpicius (P.) Π1101, 4. -iumI
Sulpicius (911)Π44,11

11111Π31,.93 69,.64 1Π18,.14111

Μ,1.1,11,11111
11Μ11111111
1,11Ἣ111111,1
1ᾞ111ᾫ1111ΠΜ
1’11111111111
1111111111111.
1111111111
1111111111
111111111111.
1111111111,
111111111
1111111111
1111111111
1111111111
1ΜΜΨ1111Ή1
11111111111
111111111,1
Ι1111111111
Μ111ΜΜ111
mmuumummffi
11111111111
11111111111,
11111111Μ1
1111111111
1111111111
1111111111
1Μ1Μ111111
1111111111111
1111111111
111111111111
1111111111

19

111111111
11111111111
86, 8. 11111ΠΙ86,17. 1111119,
1111111111
3. ΠΙ 16, 90. ccccl 1,19. 6,6.
1111111111
11111111111
1111ω111111
1.11111111
1111111111
1.111Π1ω111
1ῌΜ1111111
1Μ111111111,
1.1111111111
1,1111111Μ111
1111111111
1111111111.
57, 8. 10. 68, 6. 60,1.7. 66,6.
68, 6. 7. 76,16.17. 80,8. 89,4.11.
8119. 87, 6. 10. 89, 5, 109,19.
1Μ11111111
11111111111
11111ῌΜ111
95, 16. 15. 96,10. 34, 8. 67,6. 41,
11111111111
1111111111
11111111111
1111111111
111111111111,
1. Π1,9.4. 6, 7. 19. 9, 96. 10, 4.
1111111111
111111111
111111111111
1111111111111
1111111111
111111111
1111111111111
1111111111·
1111111ω111
99. 96. 65, S. 66, 4. 11. 67, 8. 16.
111111111,
13. 84,1.6 88,6. 89,..,96911.
99,1.,967.11. 94,1’0. 96,.5 97,
4.1,01 97. 109,6. 106, 7. 107, 8.
108,1.110,10. 119, 90 91 119111
114, 16. 90,1. 99, ⁹8. 966. 94,1.
1111111111
1111111111
1111111111
11111111111111
111111ω1111
1111111111.
111111ῌΜ1.
1ῌ1111111
1111111111
1111111111
1111111111

 

