11111111 1166611111 161

1111312.19,23.63,.9 -111111611661116611194,18.-11176,.2-116
39166111113-1611611.Ι Π28,.141,31.311193,.16
17,11.1121,6. 16116612ομ3 1-61116 114116 161111111Π 9366
67, 3. 64, 8. 74, 13. 77, 6. 11163, -1161 I 44, 9. 1111 circumita 111
4.11,1.91,1. 1661111161. 14, 11
6111. 11 11, 1. 44, 1. 111 64, 14. circum fundi 1 61,1, 1616666161
61, 9. 94,14, 96, 14 111 61, 11. -fuss 166, 11
Cerauniorum 1116, 10 6116116116116 661. 11. ΙΠ 46, 9
66111611 11 43, 8. -1611111169,16. circum mittit 121,13. 6. missis
-ebatur 1641. 11161. 111 61,1. 61111. 111, 11. f. 11116, 16
69, 6, -611111111134,7. -111111611611111 1116111181,17. 1166,1.
1111611. 41,16 111 91, 6. -muniret 11166, 6.
6611111611 11.170,1. 11614611. -<1111111>111Π16,7, -111111111611
11, 11 64, 11
certus 111 110,10. ·6. 1111. ΠΙ 110, circummunitione 119, 16
11. -um 11. 11. 126, 6. 61, 6, 111 circumscribendis 661111, 132,18
19,16. 11113016. 61111218, 611661111611111120,13. -sistens 11
1111611. -ο 6111. 1 11,16. 419
68, 2. -as 116. 1Π32,20. 611 circumuallare 111436
17, 8 66, 7. i·s 661. 111. 1118, 14, circumuecti 11. 111, 11161, 17
16. 37,6. 1111018 619, 22. 611611116611111111166,8.11611161
. 611011142120171131819684192161114417
86, 34.Ι121, 6. 31, 16 11126 4. -11611111 140,19. 1134, 22, -1161116-
-161111, 112,1. 16, 14. 64, 9 66, bantur H 64, 10 ueniretur III
3112019.40,1.1118,6.14,.4 89,11,-1161111611111111163,6 11611-
16,4.4’1,16.1’1,1,19,14. ·rem 11161136,9, -116111111186,10.
111.11111,3.-66661.111.113,9 -116111111.111.Ι70,20. -1611161Π
61161161667. 1122, 23. 6666. 30,6
1Π 69, 16 circus circum 111 22,1
611111 Π148,2 - 611116 661111. 1111616
611166301661111 111101,2 citerioris f. 139,3. 48, 23. Π21, 17.
011161366,1Π110,8.6111111102-61116,Ι38,3,Π1,6.11,13,·6
16. -61116,4.4,6 1118,24,32.11181,11
Ciliciensis 61. 111 88, 6 61111 Ι 14, 10. 40, 4. 11146, 20
01116 am 148, 8 6111612011
6611611161 Ἠ, 1Ιὲ. 4 -6611 183,6 611111ὲ1 11. 6661110291'66 -816 6. 11. 1116,
111 0 -1-61166
61166114,Ιο ΠΙ311 Π11, 9
61161161116 21 16,6. 18,16. 22,.1 61111111. Π19,7, 111329 -cm 111
24,.,6393,,44’1,.1243,.246, 31,.12 6611Π2016 218
16 4612 61621 661808 III',.,97196106,.'8-ium130,
823811111182261619161211166111411016
36191Π88242282131 29,.110218-1611611.132,6.
1.26.63,10.66,14,,613,8811, Π21,.211119,,,63219. -eis
91, 10, 99, 28. 101, 20 acc. 1118,16. 6-6 acc. HI19, 7.
circuitum163ffl 11144, 19.· -11661, -ibus 661 11119, 9. 40, 21
163, 6. 61, 2. 64, 23. 68,.2 1124, 61111166 1119, 6. 13. ΠΙ81, 7. 106,
12.’11130,10.41,.9 44,10. 46,.3 13. -6116 136,12, 60,,8 ’,1112222
63,9 1111316816-61'146-16111
6116111611164,6 19, 16, 114, 13. -1619, 20. 22,
6116611114,11.3,.,.12Π92110,.1 13. 111812 693 6666146,
40,.9 ΙΙΙ2,10.36,14.43,2. 11214 10.1,6 20. 60,13. 61,11, 11112,
circumcluderetur 1111616 10.11161140,1.61,10. Π19, 4.
circumdeditssl9, 13. -661111, 6. s. -tium 1114, 26. 36,,6 36,.2 66, 9.
1141,29.-datu’m 111.Ι11,3-111111111.13,013 629112119.

circum (1111111161μό 61161111. 11. 11181, 3. 42, 13. 80, 20. -tes 1166.
128, 11 16211111819 1111116161.

 

