INDEX VERBORVM.

quidem 17,18. 9,13. 116,17. 17, 6.
27, 6 31, 15. 32, 28. 37619. 33, 9.
39, 22. 41,.7 Π137,.17 56,.7 66,

. 16. 74, 2. 92, 11

111111 1111101111. ΙΙ.1,46 -em 11167,

229

103,.6 112, 29, quaeque 11 s. s. ΙΙΙ
1,.6 cuiusque 111. ΙΙΙ 434 61,14.
11836Π6,1.611.1,.616ΠΙ
63,19 1111111011.117,.8 quoque
1101. 111. Ι39,9. 1Π62, 11. quaque
abl. 126, 26. (10011111οΙ21, 20

quieta 1111. Π1941-0111 ΠΙ6,1111111110(1611111111111. 11. 11114 16,
10. -0061111, 176,3. *10111110 13. 39,16..ΠΙ82,9
11. ef. III 76, 8,-11011110 ΠΙ46, 20 11111111 cuiusuis 111. 1117316
1111111169, 12. 78, 14. 79, 17. 115, 1111001111. 19, 22. 26, 8. 24. 27, 6.
13.121013,Ιο.19,6..,7367. 34,Ι 49,6. 81,6..1920. 1124,

6m66666666
ffifflffffinmnmflw
5W69626168

10. 26, 22. 31, 20, 34, 4. 1116, 4.
10, 28. 11,12. 19,15. 26,17'. 30,
4,36,9. 437..45,19 58,.166,
16. 7114 ’,18120 86,.6 98,6.

111111 111111) 6. ΙΠ2,.5 quingentos 106,14
167411111.111.Π23,3.ΙΙΙ(1110011110,7.68,3

4,13. 16 161111. 1113412
(1016110511 ΙΠ9, 12
1111109101 1. acc Ι62, 3
, quinquaqinta L ΙΙΙ 23, 2. 71, 6.
quinque Ι 23,3. 46, 2, 47, 7. 60,10.

OEQMQQVQMQ

16666466646

666666666666

6666ffl466666

46, 19. 69, 2. 1111111111.

XXXVIII 10111. XLV III 8811
quinqueremem ΙΙΙ 100, 6. -00 6111

111, 11. 0111101.111101,27
0111111111οἒ (Varus, 6011) [23, 6, Π
3Ἡ1ω11100010

[26 6 37, 22. 011. 187, 14. 21,

14 I 42,11. 66,4. abl. 118 3.

1119,2. 111226
(1011111111 11.1111.1[36,6.39,4.

(1111111111. 1211819101. Π32,

11. III 9411. 109, 10. ace. ΙΙ 20,

26. 3169 3213 3416 35,6.

1112913 62,11. 78, '15. 89, 13.

1111111134 16 IH18, 12. (1111 11.

111. m. 121, 20. HI43, 13

(11110 1111111111, 1111. 186,11. 11120,
3.94,17.110,12. (11111111..Ι1ι
48,18. 66,11,115,16. 9,.3 30,.9 1111011οω1916
Hm66mm166aaewmmlm6memmffl

16,13. 7,12. Π9,16. ΠΙ32,8.
82,1.1 98,8. 1111011141, 26 ,
1111011111 qui’dnam aec ΠΙ 64, 4
(101010001121,16.116,13.ΙΙ[69,
22.87,16.(11111(1110111 11. 1116,4
1111.1Ι,6 17
quisque 1¹6, 22. 33, 3. 44, 6. 61, 7,
74, 2. 19. 76, 10. 87,3 112017

(11110.(11(]111111.Ι2,1.4,11.9,8.
μ,011000060
6‚66m6666466
31, 9. 32, 6, 24. 39, 14. 40, 4. 41,
6'666666666
1616. 47, 2. 7. 8. 9. 48, 16. 24.
66.66666646666
6666½66666
66666666664
6666666666
11. 16,5. 18,31. 21, 2. 3.4.6.
66666mffl466
31,12. 13. 32, 39. 41. 42 bis. 34,
0.33003ηοω1
7‚664666666
w.666646666
10. 41,11.13. 42, 8. 1216. 17.
43, 6. 7. 44, 2. 17. 45,16. 48, 2.
666666666m
6‚6666666m6
69,8.10, 70,2. 3. 73801610.
6666666666
66666664Q
11.100,14.101,6.1. 110, 13.
(1110(101171,12.Π31,13. 11 ei

(111011116210 68, 8. <III 10 ,16)
(10οω111111Ι41,11.82,9.ΙΙΙ70,.1

quominus ΙΙ Ι2, 7. 16, 12

117621022 2586513
84,11.·66,15

wmffl1‚’wwewe466

65,13,ΙΙ1,817,1.642,4.ΙΙΙ
1793766714 6616 7819

84,14. 861

quoquo (10101101 26, 17 36, 4. ΙΙ 8, 8

quotiens 11172, 13

43,10. 1Π18,6. 67,24, 74, 6. quotienscumqueH, 11

 

