INDEX VERBORVM. 207

11111151 51151 1Π82,18. 1111111 51- 1115115111 11111. 1Π64,10. mortuo 5.
151111Π109,14. missus 113, 3. 111. ΠΙ 91, 8. 551.111.1Π18,4
mmm5fflmmm55mmmmm55mmmss
mssfflammwfflmm mmmmmmmssma
555.111.Ι15,12. 34,1. 38,1. II -5111111515.189,6. 5115151110,
51555Μ1555 4Mm55mmmmm
19. ·0 551. 5. 11111, 5. 111111. -51111 5. 111. 116, 3. 41, 8. ΠΙ 36,
nmmmnmmmffl mmmmmffl
109,16. -a 5. 5. 119, 16. -511 1115115111Π41,24.1Π110,15. -5 ΠΙ
55551555551ψω55
1Π 93, 9. -11 551. 111. 120, 11. 51, 1153111515 166,5. III 38, 3. 90,1.
19.II44,4.III9,15.12,11.21,1198
12. 2813. 30,17. 97‚15.f. 155, motus 555. 1111, 15
4. II 19, 1. circum 1111111111Π1 51511511 23,17. -ere Π17,16. 111
56,10. 1111111111. 1Π93, 10. 95,9. 38,.3 -51151Π11,11,-5151Π185,
102, 26 6.-51511111192,4.11155111Π41,
1555111151θί 116,8 16. 74,2. 80,26. 1115111163,Ιο
moderate Π120,7 mouetur I 4, 5. 551111 Ι 44, 8.
modiumy. H 18,18. 155ᾱὶ511524 endis 551.11.1Π85,1. -ebatur
modo I57, 10. ΙΠ 1019. 27,2. 32, Ι72,78,2 9. -515111111125,19.
5.58,13.75,1.151115111 11151151 1115111111.3.111.ΠΙ93,14
mulierum 1Π9,11.1-1)111551.111

555531515111151111 19, 9, huius modi
ΙΙ 22, 5. 30, 3. 31, 21. modum ΠΙ 51511151155111111 511 11132, 18

88, 2. quem admodum H 14, 9. multitudo 140,11, 112, 2. 11. 7, 9.

11119,14. modo 551. 146, 1. 80,
1.,.1146 -.11551Π30,3. ΠΙ

5511111111. Π16,9. 555. Π140,8.
111111 551 113, 5. IH80, 23
115111512511. 5511114011.

mfflfflmmmmmm
15515. -11116Π1215.106,17.
-1115111Π1,.1 23,11’.11155,4.
80,.995,12 -8146,.,.256463,
11. Π3010 3510 3713 39,
13. 43, 14’. 1112810 40,9. 43,71

5155512514 2812 -111111 45,11049,8.,1.,346728.84,18.

5111. Π1112,5
1115111 531. 5. 1110 7

89,10.111,8

5558 multarent HI 83,14

momentum 555.151,18.1Π70,8.1551151511.11.149,231Π5117.

5511111818. 11551121.
11168, 2

monere 1135, 4. -uit HI 60, 3. 89,

13, ·115111.111.114,16. -..111111
Ι28,10

1115111179,.3Π191,.4-111115,1
41,.12 42,8. 45,118 Π185,2. -5111
15554555551
Πω5555555ω

9751114 981 -.,.31111656
55513412 5118 657702
11136, 16. 93, 21. -ei'sl‘10‚5.

III 95,15. -111118 551. Ι48,4. 72,15

1551155111111. 1579. 5111111158,
7. -11551.139,10

1151155155.11.11’142,16 49,12.
55516313

monumenta 5551121, 12

55511111419555,11.119,8.
4474816 578617679.
51555555555
5555155555
155551515155
1,515555155
95,1.101,29. -1 115113, 3. 5.
55Π5ω5ῃ555
511, 5 15,1.11,11.31,355.
5‚n1m955m5,5.
5511113915 Π13224411
-.5111511111114,,15-115.11.111
73,,6 -ο,.,.,51851811118164
9 817 55551532 53,.3
Π6,13. 1910 25,6.11.111602
96,4. 11551111 151,3. 1114,
221114035936018 678
mmfflenmmffl5‚em,

1551555180,9-5111129,.411 11111,.’,.,1155536Π1511

1271111510, 5132864,1555151555114,3. 5111551133

241,,ΠΙ12169,.177,7

municipii 112,5.11122,9. -1511,

15511119.11118,3. ·5551.,111182 11325. -1515111112,9.,.302 -15

 

