INDEX VERBORVM.

26. 94, [13] 14. 95, 3. 8. 10. 13.
14. 96,4,12. 15. 97, 7. 9. 13. 98,
666666666Μ6
13. 101, 7, 9. 12. 17. 18. 22. 26. 31.
102, 5. 8. 14. 161820. [24] 26.
28. 103, 4. 6. 10. 15. 19, 104, 4. 7.
105, 3. 11 bis. 14. 106, 3. 6. 18.
108, 8. 11. 109,1. 3. 7. 8.12. 18.
6Μ66666666
5.. 10. 11.15. 18. 20. 112, 7. 12. 13.
18. 22. 26. 32. 33

quemadmodum II 14, 9. III 19, 13.
66

querimoniae ρ. Ι 95, 2

queritur I 7, 36. 90,18. -untur I 74,
6. -i11120‚10. 108, 3. -ens 6 m.
III 96, 16. -eretur Π 44, 9. sunt
questi 111 5615. questus I 30, 22
qui relat. n. s. m. Ι 2, 7. 11. 7,10.
66666666666
6666666666
46, 13. 66,11. 13. 70, 14. 78, 12.
666Πῃ666666
6666666666
ΠΙ 1,8. 6,12. 8, 4. 10, 20. 21.
1ω666666666
6666ω666666
6666666666
ι666666ῃ666
66666666666
66666666666
29. quae 6 af. 17, 7. 24. 20, 8.
6666666666
666666Πῌ6
6666666666166
666666666
666666666666
66666666ω6
6666666666
666666666
quod 66161719. 18,1. 29, 8.
6666666666
6ω666666666
6666666666
6666666666
6ΜῌΜω6666
666666666
666666666
6ΜΗῌΜ6Μ66
cuius m. Ι7,4.20, 8,4. 9,19.
6666666666
6666666666
6666666666
666666666
666666666
66666666666
364666666666

97

66666666666
15. 29,1. 94,12. quoi 6611
29, 7. quem 14, 6. 24, 12. 26, 9.
66666666Μ6
6666666666
6666666666
66666666666.
666666666
57, 4. quam I 39,7, ΙΙ 8, 4. 27,3.
ΠΜ666666666666
6666666666
106‚4.5.111‚3.112,20. quod
6666666666666
666666666666
666666666666
6Μῌ666666
66666Η6666
ῌ6ῃ6666666
6666666666
6666666666
6666666666
45, 8. 47, 11. Π33, 8. 3861. 44,
6666666666
666666666
166666666666
66666666666
6666666666
1. 96122. ΙΙΙ 16, 9. 18,4. 19,
666666666.
666666ΜΜ66
quo abl. 6 Ι 2, 6. 69. 7,13. 92,
666666ΜΜῌ
6666Μῌ666
6666666666
6666666666
9767610617. qui 6166 13,
666666666666
6666666466
6666666666
666666666
ιωΜι666666
6666666666
666666666.
666666666666
66666666666
6Μ66666666
666666666
6666666666
666666666
26, 5. 27, 2. 3. 28, 12. 20. 21. 29,
666666666666
7. 10. 40,10. 21. 46,18. 48,1. 49,
666666666
66666666666
6666666666
95, 4. 8. 11. 15. 96, 6. 97,16. 98,
1. 101,26. 102, 18. 20. 24. 103, 13.

15*

 

